 7.00  7.50   I64   0   1   5   5
 7.50  8.00   V11   7   5   5   0
 8.00  8.50   I64   0   1   5   5
 8.50  9.00   V11   7   5   5   0
 9.00  9.50   I64   0   1   5   5
 9.50 10.00   V11   7   5   5   0
10.00 10.50   I64   0   1   5   5
10.50 11.00   V11   7   5   5   0
11.00 11.50   I64   0   1   5   5
11.50 12.00   V11   7   5   5   0
12.00 12.50   I64   0   1   5   5
12.50 13.00   V11   7   5   5   0
13.00 13.50   I64   0   1   5   5
13.50 14.00   V11   7   5   5   0
14.00 14.50   I64   0   1   5   5
14.50 15.00   V11   7   5   5   0
15.00 15.50     I   0   1   5   5
15.50 16.00  bVII  10   7   5   3
16.00 16.50     I   0   1   5   5
16.50 17.00  bVII  10   7   5   3
17.00 17.50     I   0   1   5   5
17.50 18.00  bVII  10   7   5   3
18.00 18.25     I   0   1   5   5
18.25 18.50  bVII  10   7   5   3
18.50 19.50     I   0   1   5   5
19.50 20.00  bVII  10   7   5   3
20.00 20.50     I   0   1   5   5
20.50 21.00  bVII  10   7   5   3
21.00 21.50     I   0   1   5   5
21.50 22.00  bVII  10   7   5   3
22.00 22.25     I   0   1   5   5
22.25 22.50  bVII  10   7   5   3
22.50 23.50     I   0   1   5   5
23.50 24.00  bVII  10   7   5   3
24.00 24.50     I   0   1   5   5
24.50 25.00  bVII  10   7   5   3
25.00 25.50     I   0   1   5   5
25.50 26.00  bVII  10   7   5   3
26.00 26.25     I   0   1   5   5
26.25 26.50  bVII  10   7   5   3
26.50 27.50     I   0   1   5   5
27.50 28.00  bVII  10   7   5   3
28.00 28.50     I   0   1   5   5
28.50 29.00  bVII  10   7   5   3
29.00 29.50     I   0   1   5   5
29.50 30.00  bVII  10   7   5   3
30.00 30.25     I   0   1   5   5
30.25 30.50  bVII  10   7   5   3
30.50 31.50     I   0   1   5   5
31.50 32.00  bVII  10   7   5   3
32.00 32.50     I   0   1   5   5
32.50 33.00  bVII  10   7   5   3
33.00 33.50     I   0   1   5   5
33.50 34.00  bVII  10   7   5   3
34.00 34.25     I   0   1   5   5
34.25 34.50  bVII  10   7   5   3
34.50 35.50     I   0   1   5   5
35.50 36.00  bVII  10   7   5   3
36.00 36.50     I   0   1   5   5
36.50 37.00  bVII  10   7   5   3
37.00 37.50     I   0   1   5   5
37.50 38.00  bVII  10   7   5   3
38.00 38.25     I   0   1   5   5
38.25 38.50  bVII  10   7   5   3
38.50 39.00     I   0   1   5   5
39.00 40.00    IV   5   4   5  10
40.00 41.00    vi   9   6   5   2
41.00 41.50     I   0   1   5   5
41.50 42.00  bVII  10   7   5   3
42.00 42.25     I   0   1   5   5
42.25 42.50  bVII  10   7   5   3
42.50 43.00     I   0   1   5   5
43.00 44.00    IV   5   4   5  10
44.00 45.00    vi   9   6   5   2
45.00 45.50     I   0   1   5   5
45.50 46.00  bVII  10   7   5   3
46.00 46.25     I   0   1   5   5
46.25 46.50  bVII  10   7   5   3
46.50 47.50     I   0   1   5   5
47.50 48.00  bVII  10   7   5   3
48.00 48.50     I   0   1   5   5
48.50 49.00  bVII  10   7   5   3
49.00 49.50     I   0   1   5   5
49.50 50.00  bVII  10   7   5   3
50.00 50.25     I   0   1   5   5
50.25 50.50  bVII  10   7   5   3
50.50 51.50     I   0   1   5   5
51.50 52.00  bVII  10   7   5   3
52.00 52.50     I   0   1   5   5
52.50 53.00  bVII  10   7   5   3
53.00 53.50     I   0   1   5   5
53.50 54.00  bVII  10   7   5   3
54.00 54.25     I   0   1   5   5
54.25 54.50  bVII  10   7   5   3
54.50 55.50     I   0   1   5   5
55.50 56.00  bVII  10   7   5   3
56.00 56.50     I   0   1   5   5
56.50 57.00  bVII  10   7   5   3
57.00 57.50     I   0   1   5   5
57.50 58.00  bVII  10   7   5   3
58.00 58.25     I   0   1   5   5
58.25 58.50  bVII  10   7   5   3
58.50 59.50     I   0   1   5   5
59.50 60.00  bVII  10   7   5   3
60.00 60.50     I   0   1   5   5
60.50 61.00  bVII  10   7   5   3
61.00 61.50     I   0   1   5   5
61.50 62.00  bVII  10   7   5   3
62.00 62.25     I   0   1   5   5
62.25 62.50  bVII  10   7   5   3
62.50 63.00     I   0   1   5   5
63.00 64.00    IV   5   4   5  10
64.00 65.00    vi   9   6   5   2
65.00 65.50     I   0   1   5   5
65.50 66.00  bVII  10   7   5   3
66.00 66.25     I   0   1   5   5
66.25 66.50  bVII  10   7   5   3
66.50 67.00     I   0   1   5   5
67.00 68.00    IV   5   4   5  10
68.00 69.00    vi   9   6   5   2
69.00 69.50     I   0   1   5   5
69.50 70.00  bVII  10   7   5   3
70.00 70.25     I   0   1   5   5
70.25 70.50  bVII  10   7   5   3
70.50 71.50     I   0   1   5   5
71.50 72.00  bVII  10   7   5   3
72.00 72.25     I   0   1   5   5
72.25 72.50  bVII  10   7   5   3
72.50 73.50     I   0   1   5   5
73.50 74.00  bVII  10   7   5   3
74.00 74.25     I   0   1   5   5
74.25 74.50  bVII  10   7   5   3
74.50 75.50     I   0   1   5   5
75.50 76.00  bVII  10   7   5   3
76.00 76.50     I   0   1   5   5
76.50 77.00  bVII  10   7   5   3
77.00 77.50     I   0   1   5   5
77.50 78.00  bVII  10   7   5   3
78.00 78.25     I   0   1   5   5
78.25 78.50  bVII  10   7   5   3
78.50 79.50     I   0   1   5   5
79.50 80.00  bVII  10   7   5   3
80.00 80.50     I   0   1   5   5
80.50 81.00  bVII  10   7   5   3
81.00 81.50     I   0   1   5   5
81.50 82.00  bVII  10   7   5   3
82.00 82.25     I   0   1   5   5
82.25 82.50  bVII  10   7   5   3
82.50 83.50     I   0   1   5   5
83.50 84.00  bVII  10   7   5   3
84.00 84.50     I   0   1   5   5
84.50 85.00  bVII  10   7   5   3
85.00 85.50     I   0   1   5   5
85.50 86.00  bVII  10   7   5   3
86.00 86.25     I   0   1   5   5
86.25 86.50  bVII  10   7   5   3
86.50 87.50     I   0   1   5   5
87.50 88.00  bVII  10   7   5   3
88.00 88.50     I   0   1   5   5
88.50 89.00  bVII  10   7   5   3
89.00 89.50     I   0   1   5   5
89.50 90.00  bVII  10   7   5   3
90.00 90.25     I   0   1   5   5
90.25 90.50  bVII  10   7   5   3
90.50 91.00     I   0   1   5   5
91.00 92.00    IV   5   4   5  10
92.00 93.00    vi   9   6   5   2
93.00 93.50     I   0   1   5   5
93.50 94.00  bVII  10   7   5   3
94.00 94.25     I   0   1   5   5
94.25 94.50  bVII  10   7   5   3
94.50 95.00     I   0   1   5   5
95.00 96.00    IV   5   4   5  10
96.00 97.00    vi   9   6   5   2
97.00 97.50     I   0   1   5   5
97.50 98.00  bVII  10   7   5   3
98.00 98.25     I   0   1   5   5
98.25 98.50  bVII  10   7   5   3
98.50 99.00     I   0   1   5   5
99.00 100.00    IV   5   4   5  10
100.00 101.00    vi   9   6   5   2
101.00 101.50     I   0   1   5   5
101.50 102.00  bVII  10   7   5   3
102.00 102.25     I   0   1   5   5
102.25 102.50  bVII  10   7   5   3
102.50 103.00     I   0   1   5   5
103.00 104.00    IV   5   4   5  10
104.00 105.00    vi   9   6   5   2
105.00 105.50     I   0   1   5   5
105.50 106.00  bVII  10   7   5   3
106.00 106.25     I   0   1   5   5
106.25 106.50  bVII  10   7   5   3
106.50 107.50     I   0   1   5   5
107.50 108.00  bVII  10   7   5   3
108.00 108.25     I   0   1   5   5
108.25 108.50  bVII  10   7   5   3
108.50 109.50     I   0   1   5   5
109.50 110.00  bVII  10   7   5   3
110.00 110.25     I   0   1   5   5
110.25 110.50  bVII  10   7   5   3
110.50 111.50     I   0   1   5   5
111.50 112.00  bVII  10   7   5   3
112.00 112.25     I   0   1   5   5
112.25 112.50  bVII  10   7   5   3
112.50 113.50     I   0   1   5   5
113.50 114.00  bVII  10   7   5   3
114.00 114.25     I   0   1   5   5
114.25 114.50  bVII  10   7   5   3
114.50 115.00     I   0   1   5   5
115.00 116.00    IV   5   4   5  10
116.00 117.00    vi   9   6   5   2
117.00 117.50     I   0   1   5   5
117.50 118.00  bVII  10   7   5   3
118.00 118.25     I   0   1   5   5
118.25 118.50  bVII  10   7   5   3
118.50 119.00     I   0   1   5   5
119.00 120.00    IV   5   4   5  10
120.00 121.00    vi   9   6   5   2
121.00 121.50     I   0   1   5   5
121.50 122.00  bVII  10   7   5   3
122.00 122.25     I   0   1   5   5
122.25 122.50  bVII  10   7   5   3
122.50 123.50     I   0   1   5   5
123.50 124.00  bVII  10   7   5   3
124.00 124.25     I   0   1   5   5
124.25 124.50  bVII  10   7   5   3
124.50 125.50     I   0   1   5   5
125.50 126.00  bVII  10   7   5   3
126.00 126.25     I   0   1   5   5
126.25 126.50  bVII  10   7   5   3
126.50 127.50     I   0   1   5   5
127.50 128.00  bVII  10   7   5   3
128.00 128.25     I   0   1   5   5
128.25 128.50  bVII  10   7   5   3
128.50 129.50     I   0   1   5   5
129.50 130.00  bVII  10   7   5   3
130.00 130.25     I   0   1   5   5
130.25 130.50  bVII  10   7   5   3
130.50 131.50     I   0   1   5   5
131.50 132.00  bVII  10   7   5   3
132.00 132.25     I   0   1   5   5
132.25 132.50  bVII  10   7   5   3
132.50 133.50     I   0   1   5   5
133.50 134.00  bVII  10   7   5   3
134.00 134.25     I   0   1   5   5
134.25 134.50  bVII  10   7   5   3
134.50 135.50     I   0   1   5   5
135.50 136.00  bVII  10   7   5   3
136.00 136.25     I   0   1   5   5
136.25 136.50  bVII  10   7   5   3
136.50 137.50     I   0   1   5   5
137.50 138.00  bVII  10   7   5   3
138.00 138.25     I   0   1   5   5
138.25 138.50  bVII  10   7   5   3
138.50 139.50     I   0   1   5   5
139.50 140.00  bVII  10   7   5   3
140.00 140.25     I   0   1   5   5
140.25 140.50  bVII  10   7   5   3
140.50 141.50     I   0   1   5   5
141.50 142.00  bVII  10   7   5   3
142.00 142.25     I   0   1   5   5
142.25 142.50  bVII  10   7   5   3
142.50 143.50     I   0   1   5   5
143.50 144.00  bVII  10   7   5   3
144.00 144.25     I   0   1   5   5
144.25 144.50  bVII  10   7   5   3
144.50 145.50     I   0   1   5   5
145.50 146.00  bVII  10   7   5   3
146.00 146.25     I   0   1   5   5
146.25 146.50  bVII  10   7   5   3
146.50 147.50     I   0   1   5   5
147.50 148.00  bVII  10   7   5   3
148.00 148.25     I   0   1   5   5
148.25 148.50  bVII  10   7   5   3
148.50 149.50     I   0   1   5   5
149.50 150.00  bVII  10   7   5   3
150.00 150.25     I   0   1   5   5
150.25 150.50  bVII  10   7   5   3
150.50 151.50     I   0   1   5   5
151.50 152.00  bVII  10   7   5   3
152.00 152.25     I   0   1   5   5
152.25 152.50  bVII  10   7   5   3
152.50 153.50     I   0   1   5   5
153.50 154.00  bVII  10   7   5   3
154.00 154.25     I   0   1   5   5
154.25 154.50  bVII  10   7   5   3
154.50 155.50     I   0   1   5   5
155.50 156.00  bVII  10   7   5   3
156.00 156.25     I   0   1   5   5
156.25 156.50  bVII  10   7   5   3
156.50 157.50     I   0   1   5   5
157.50 158.00  bVII  10   7   5   3
158.00 158.25     I   0   1   5   5
158.25 158.50  bVII  10   7   5   3
158.50 159.50     I   0   1   5   5
159.50 160.00  bVII  10   7   5   3
160.00 160.25     I   0   1   5   5
160.25 160.50  bVII  10   7   5   3
160.50 161.50     I   0   1   5   5
161.50 162.00  bVII  10   7   5   3
162.00 162.25     I   0   1   5   5
162.25 162.50  bVII  10   7   5   3
162.50 163.50     I   0   1   5   5
163.50 164.00  bVII  10   7   5   3
164.00 164.25     I   0   1   5   5
164.25 164.50  bVII  10   7   5   3
164.50 165.50     I   0   1   5   5
165.50 166.00  bVII  10   7   5   3
166.00 166.25     I   0   1   5   5
166.25 166.50  bVII  10   7   5   3
166.50 167.50     I   0   1   5   5
167.50 168.00  bVII  10   7   5   3
168.00 168.25     I   0   1   5   5
168.25 168.50  bVII  10   7   5   3
168.50 169.50     I   0   1   5   5
169.50 170.00  bVII  10   7   5   3
170.00 170.25     I   0   1   5   5
170.25 170.50  bVII  10   7   5   3
170.50 171.50     I   0   1   5   5
171.50 172.00  bVII  10   7   5   3
172.00 172.25     I   0   1   5   5
172.25 172.50  bVII  10   7   5   3
172.50 173.50     I   0   1   5   5
173.50 174.00  bVII  10   7   5   3
174.00 174.25     I   0   1   5   5
174.25 174.50  bVII  10   7   5   3
174.50 175.50     I   0   1   5   5
175.50 176.00  bVII  10   7   5   3
176.00 176.25     I   0   1   5   5
176.25 176.50  bVII  10   7   5   3
176.50 177.50     I   0   1   5   5
177.50 178.00  bVII  10   7   5   3
178.00 178.25     I   0   1   5   5
178.25 178.50  bVII  10   7   5   3
178.50 179.50     I   0   1   5   5
179.50 180.00  bVII  10   7   5   3
180.00 180.25     I   0   1   5   5
180.25 180.50  bVII  10   7   5   3
180.50 181.50     I   0   1   5   5
181.50 182.00  bVII  10   7   5   3
182.00 182.25     I   0   1   5   5
182.25 182.50  bVII  10   7   5   3
182.50 183.00     I   0   1   5   5
---
