 0.00  0.25     I   0   1  10  10
 0.25  0.50    V6   7   5  10   5
 0.50  0.75    vi   9   6  10   7
 0.75  1.00   I64   0   1  10  10
 1.00  1.12  ii65   2   2  10   0
 1.12  1.25 V43/ii   9   6  10   7
 1.25  1.38    ii   2   2  10   0
 1.38  1.50   vi6   9   6  10   7
 1.50  1.75 bVIId7  10   7  10   8
 1.75  2.00  VId7   9   6  10   7
 2.00  3.00     V   7   5  10   5
 3.00  5.00     I   0   1  10  10
 5.00  6.00   ii7   2   2  10   0
 6.00  7.00    vi   9   6  10   7
 7.00  8.00     I   0   1  10  10
 8.00  8.50   ii7   2   2  10   0
 8.50  8.75    IV   5   4  10   3
 8.75  9.00  V/vi   4   3  10   2
 9.00 10.00    vi   9   6  10   7
10.00 13.00     I   0   1  10  10
13.00 14.00   ii7   2   2  10   0
14.00 15.00    vi   9   6  10   7
15.00 16.00     I   0   1  10  10
16.00 16.50   ii7   2   2  10   0
16.50 16.75    IV   5   4  10   3
16.75 17.00  V/vi   4   3  10   2
17.00 18.00    vi   9   6  10   7
18.00 21.00     I   0   1  10  10
21.00 22.00   ii7   2   2  10   0
22.00 23.00    vi   9   6  10   7
23.00 24.00     I   0   1  10  10
24.00 24.50   ii7   2   2  10   0
24.50 24.75    IV   5   4  10   3
24.75 25.00  V/vi   4   3  10   2
25.00 26.00    vi   9   6  10   7
26.00 27.00     I   0   1  10  10
27.00 28.00   ii7   2   2  10   0
28.00 29.00     I   0   1  10  10
29.00 30.00   ii7   2   2  10   0
30.00 31.00    vi   9   6  10   7
31.00 32.00   ii7   2   2  10   0
32.00 33.00    vi   9   6  10   7
33.00 34.00  V7/V   2   2  10   0
34.00 35.00    V7   7   5  10   5
35.00 37.00     I   0   1  10  10
37.00 38.00   ii7   2   2  10   0
38.00 39.00    vi   9   6  10   7
39.00 40.00     I   0   1  10  10
40.00 40.50   ii7   2   2  10   0
40.50 40.75    IV   5   4  10   3
40.75 41.00  V/vi   4   3  10   2
41.00 42.00    vi   9   6  10   7
42.00 44.00     I   0   1  10  10
---
