 0.00  1.00     I   0   1   7   7
 1.00  2.00   iii   4   3   7  11
 2.00  4.00    vi   9   6   7   4
 4.00  8.00    IV   5   4   7   0
 8.00  9.00     I   0   1   7   7
 9.00 10.00   iii   4   3   7  11
10.00 12.00    vi   9   6   7   4
12.00 13.00    IV   5   4   7   0
13.00 14.00  vi64   9   6   7   4
14.00 16.00    ii   2   2   7   9
16.00 17.00     I   0   1   7   7
17.00 18.00   iii   4   3   7  11
18.00 20.00    vi   9   6   7   4
20.00 21.00    IV   5   4   7   0
21.00 22.00  bVII  10   7   7   5
22.00 24.00    vi   9   6   7   4
24.00 25.00    IV   5   4   7   0
25.00 26.00  bVII  10   7   7   5
26.00 27.00    vi   9   6   7   4
27.00 28.00    IV   5   4   7   0
28.00 29.00     I   0   1   7   7
29.00 30.00   iii   4   3   7  11
30.00 32.00    vi   9   6   7   4
32.00 33.00    IV   5   4   7   0
33.00 34.00  vi64   9   6   7   4
34.00 36.00    ii   2   2   7   9
36.00 37.00     I   0   1   7   7
37.00 38.00   iii   4   3   7  11
38.00 40.00    vi   9   6   7   4
40.00 41.00    IV   5   4   7   0
41.00 42.00  bVII  10   7   7   5
42.00 44.00    vi   9   6   7   4
44.00 46.00    IV   5   4   7   0
46.00 47.00     I   0   1   7   7
47.00 48.00   iii   4   3   7  11
48.00 50.00    vi   9   6   7   4
50.00 51.00    IV   5   4   7   0
51.00 52.00  vi64   9   6   7   4
52.00 54.00    ii   2   2   7   9
54.00 55.00     I   0   1   7   7
55.00 56.00   iii   4   3   7  11
56.00 58.00    vi   9   6   7   4
58.00 59.00    IV   5   4   7   0
59.00 60.00  bVII  10   7   7   5
60.00 62.00    vi   9   6   7   4
62.00 65.00    IV   5   4   7   0
65.00 88.00     V   7   5   4  11
88.00 95.00     I   0   1   4   4
95.00 97.00  bVII  10   7   4   2
97.00 98.00     I   0   1   4   4
98.00 99.00     V   7   5   4  11
99.00 100.00     I   0   1   4   4
100.00 102.00     V   7   5   4  11
102.00 105.00     I   0   1   4   4
105.00 107.00  bVII  10   7   4   2
107.00 108.00     I   0   1   4   4
108.00 109.00     V   7   5   4  11
109.00 110.00     I   0   1   4   4
110.00 111.00     V   7   5   4  11
111.00 113.00   bVI   8   6   4   0
113.00 115.00  bIII   3   3   4   7
115.00 117.00  bVII  10   7   4   2
117.00 119.00    IV   5   4   4   9
119.00 121.00     I   0   1   4   4
121.00 123.00   bVI   8   6   4   0
123.00 125.00  bIII   3   3   4   7
125.00 127.00  bVII  10   7   4   2
127.00 129.00    IV   5   4   4   9
129.00 130.00     I   0   1   4   4
130.00 131.00   bVI   8   6   4   0
131.00 132.00     I   0   1   7   7
132.00 133.00   iii   4   3   7  11
133.00 135.00    vi   9   6   7   4
135.00 136.00    IV   5   4   7   0
136.00 137.00  vi64   9   6   7   4
137.00 139.00    ii   2   2   7   9
139.00 140.00     I   0   1   7   7
140.00 141.00   iii   4   3   7  11
141.00 143.00    vi   9   6   7   4
143.00 144.00    IV   5   4   7   0
144.00 145.00  bVII  10   7   7   5
145.00 147.00    vi   9   6   7   4
147.00 150.00    IV   5   4   7   0
150.00 173.00     V   7   5   4  11
173.00 175.00     I   0   1   4   4
---
