 0.50  1.00  bVII  10   7   0  10
 1.00  1.50     i   0   1   0   0
 1.50  2.00  bVII  10   7   0  10
 2.00  2.50   bVI   8   6   0   8
 2.50  3.00  bVII  10   7   0  10
 3.00  3.50     i   0   1   0   0
 3.50  4.00  bVII  10   7   0  10
 4.00  4.50   bVI   8   6   0   8
 4.50  5.00  bVII  10   7   0  10
 5.00  5.50     i   0   1   0   0
 5.50  6.00  bVII  10   7   0  10
 6.00  6.50   bVI   8   6   0   8
 6.50  7.00  bVII  10   7   0  10
 7.00  7.50     i   0   1   0   0
 7.50  8.00  bVII  10   7   0  10
 8.00  8.50   bVI   8   6   0   8
 8.50  9.00  bVII  10   7   0  10
 9.00  9.50     i   0   1   0   0
 9.50 10.00  bVII  10   7   0  10
10.00 10.50   bVI   8   6   0   8
10.50 11.00  bVII  10   7   0  10
11.00 11.50     i   0   1   0   0
11.50 12.00  bVII  10   7   0  10
12.00 12.50   bVI   8   6   0   8
12.50 13.00  bVII  10   7   0  10
13.00 13.50     i   0   1   0   0
13.50 14.00  bVII  10   7   0  10
14.00 14.50   bVI   8   6   0   8
14.50 15.00  bVII  10   7   0  10
15.00 15.50     i   0   1   0   0
15.50 16.00  bVII  10   7   0  10
16.00 16.50   bVI   8   6   0   8
16.50 17.00  bVII  10   7   0  10
17.00 17.50     i   0   1   0   0
17.50 18.00  bVII  10   7   0  10
18.00 18.50   bVI   8   6   0   8
18.50 19.00  bVII  10   7   0  10
19.00 19.50     i   0   1   0   0
19.50 20.00  bVII  10   7   0  10
20.00 20.50   bVI   8   6   0   8
20.50 21.00  bVII  10   7   0  10
21.00 21.50     i   0   1   0   0
21.50 22.00  bVII  10   7   0  10
22.00 22.50   bVI   8   6   0   8
22.50 23.00  bVII  10   7   0  10
23.00 23.50     i   0   1   0   0
23.50 24.00  bVII  10   7   0  10
24.00 24.50   bVI   8   6   0   8
24.50 25.00  bVII  10   7   0  10
25.00 25.50     i   0   1   0   0
25.50 26.00  bVII  10   7   0  10
26.00 26.50   bVI   8   6   0   8
26.50 27.00  bVII  10   7   0  10
27.00 27.50     i   0   1   0   0
27.50 28.00  bVII  10   7   0  10
28.00 28.50   bVI   8   6   0   8
28.50 29.00  bVII  10   7   0  10
29.00 29.50     i   0   1   0   0
29.50 30.00  bVII  10   7   0  10
30.00 30.50   bVI   8   6   0   8
30.50 31.00  bVII  10   7   0  10
31.00 31.50     i   0   1   0   0
31.50 32.00  bVII  10   7   0  10
32.00 32.50   bVI   8   6   0   8
32.50 33.00  bVII  10   7   0  10
33.00 33.50     i   0   1   0   0
33.50 34.00  bVII  10   7   0  10
34.00 34.50   bVI   8   6   0   8
34.50 35.00  bVII  10   7   0  10
35.00 35.50     i   0   1   0   0
35.50 36.00  bVII  10   7   0  10
36.00 36.50   bVI   8   6   0   8
36.50 37.00  bVII  10   7   0  10
37.00 37.50     i   0   1   0   0
37.50 38.00  bVII  10   7   0  10
38.00 38.50   bVI   8   6   0   8
38.50 39.00  bVII  10   7   0  10
39.00 39.50     i   0   1   0   0
39.50 40.00  bVII  10   7   0  10
40.00 40.50   bVI   8   6   0   8
40.50 41.00  bVII  10   7   0  10
41.00 41.50     i   0   1   0   0
41.50 42.00  bVII  10   7   0  10
42.00 42.50   bVI   8   6   0   8
42.50 43.00  bVII  10   7   0  10
43.00 43.50     i   0   1   0   0
43.50 44.00  bVII  10   7   0  10
44.00 44.50   bVI   8   6   0   8
44.50 45.00  bVII  10   7   0  10
45.00 45.50     i   0   1   0   0
45.50 46.00  bVII  10   7   0  10
46.00 46.50   bVI   8   6   0   8
46.50 47.00  bVII  10   7   0  10
47.00 47.50     i   0   1   0   0
47.50 48.00  bVII  10   7   0  10
48.00 48.50   bVI   8   6   0   8
48.50 49.00  bVII  10   7   0  10
49.00 49.50     i   0   1   0   0
49.50 50.00  bVII  10   7   0  10
50.00 50.50   bVI   8   6   0   8
50.50 51.00  bVII  10   7   0  10
51.00 51.50     i   0   1   0   0
51.50 52.00  bVII  10   7   0  10
52.00 52.50   bVI   8   6   0   8
52.50 53.00  bVII  10   7   0  10
53.00 53.50     i   0   1   0   0
53.50 54.00  bVII  10   7   0  10
54.00 54.50   bVI   8   6   0   8
54.50 55.00  bVII  10   7   0  10
55.00 55.50     i   0   1   0   0
55.50 56.00  bVII  10   7   0  10
56.00 56.50   bVI   8   6   0   8
56.50 57.00  bVII  10   7   0  10
57.00 57.50     i   0   1   0   0
57.50 58.00  bVII  10   7   0  10
58.00 58.50   bVI   8   6   0   8
58.50 59.00  bVII  10   7   0  10
59.00 59.50     i   0   1   0   0
59.50 60.00  bVII  10   7   0  10
60.00 60.50   bVI   8   6   0   8
60.50 61.00  bVII  10   7   0  10
61.00 61.50     i   0   1   0   0
61.50 62.00  bVII  10   7   0  10
62.00 62.50   bVI   8   6   0   8
62.50 63.00  bVII  10   7   0  10
63.00 63.50     i   0   1   0   0
63.50 64.00  bVII  10   7   0  10
64.00 64.50   bVI   8   6   0   8
64.50 65.00  bVII  10   7   0  10
65.00 65.50     i   0   1   0   0
65.50 66.00  bVII  10   7   0  10
66.00 66.50   bVI   8   6   0   8
66.50 67.00  bVII  10   7   0  10
67.00 67.50     i   0   1   0   0
67.50 68.00  bVII  10   7   0  10
68.00 68.50   bVI   8   6   0   8
68.50 69.00  bVII  10   7   0  10
69.00 69.50     i   0   1   0   0
69.50 70.00  bVII  10   7   0  10
70.00 70.50   bVI   8   6   0   8
70.50 71.00  bVII  10   7   0  10
71.00 71.50     i   0   1   0   0
71.50 72.00  bVII  10   7   0  10
72.00 72.50   bVI   8   6   0   8
72.50 73.00  bVII  10   7   0  10
73.00 73.50     i   0   1   0   0
73.50 74.00  bVII  10   7   0  10
74.00 74.50   bVI   8   6   0   8
74.50 75.00  bVII  10   7   0  10
75.00 75.50     i   0   1   0   0
75.50 76.00  bVII  10   7   0  10
76.00 76.50   bVI   8   6   0   8
76.50 77.00  bVII  10   7   0  10
77.00 77.50     i   0   1   0   0
77.50 78.00  bVII  10   7   0  10
78.00 78.50   bVI   8   6   0   8
78.50 79.00  bVII  10   7   0  10
79.00 79.50     i   0   1   0   0
79.50 80.00  bVII  10   7   0  10
80.00 80.50   bVI   8   6   0   8
80.50 81.00  bVII  10   7   0  10
81.00 81.50     i   0   1   0   0
81.50 82.00  bVII  10   7   0  10
82.00 82.50   bVI   8   6   0   8
82.50 83.00  bVII  10   7   0  10
83.00 83.50     i   0   1   0   0
83.50 84.00  bVII  10   7   0  10
84.00 84.50   bVI   8   6   0   8
84.50 85.00  bVII  10   7   0  10
85.00 85.50     i   0   1   0   0
85.50 86.00  bVII  10   7   0  10
86.00 86.50   bVI   8   6   0   8
86.50 87.00  bVII  10   7   0  10
87.00 87.50     i   0   1   0   0
87.50 88.00  bVII  10   7   0  10
88.00 88.50   bVI   8   6   0   8
88.50 89.00  bVII  10   7   0  10
89.00 89.50     i   0   1   0   0
89.50 90.00  bVII  10   7   0  10
90.00 90.50   bVI   8   6   0   8
90.50 91.00  bVII  10   7   0  10
91.00 91.50     i   0   1   0   0
91.50 92.00  bVII  10   7   0  10
92.00 92.50   bVI   8   6   0   8
92.50 93.00  bVII  10   7   0  10
93.00 93.50     i   0   1   0   0
93.50 94.00  bVII  10   7   0  10
94.00 94.50   bVI   8   6   0   8
94.50 95.00  bVII  10   7   0  10
95.00 95.50     i   0   1   0   0
95.50 96.00  bVII  10   7   0  10
96.00 96.50   bVI   8   6   0   8
96.50 97.00  bVII  10   7   0  10
97.00 97.50     i   0   1   0   0
97.50 98.00  bVII  10   7   0  10
98.00 98.50   bVI   8   6   0   8
98.50 99.00  bVII  10   7   0  10
99.00 99.50     i   0   1   0   0
99.50 100.00  bVII  10   7   0  10
100.00 100.50   bVI   8   6   0   8
100.50 101.00  bVII  10   7   0  10
101.00 101.50     i   0   1   0   0
101.50 102.00  bVII  10   7   0  10
102.00 102.50   bVI   8   6   0   8
102.50 103.00  bVII  10   7   0  10
103.00 103.50     i   0   1   0   0
103.50 104.00  bVII  10   7   0  10
104.00 104.50   bVI   8   6   0   8
104.50 105.00  bVII  10   7   0  10
105.00 105.50     i   0   1   0   0
105.50 106.00  bVII  10   7   0  10
106.00 106.50   bVI   8   6   0   8
106.50 107.00  bVII  10   7   0  10
107.00 107.50     i   0   1   0   0
107.50 108.00  bVII  10   7   0  10
108.00 108.50   bVI   8   6   0   8
108.50 109.00  bVII  10   7   0  10
109.00 109.50     i   0   1   0   0
109.50 110.00  bVII  10   7   0  10
110.00 110.50   bVI   8   6   0   8
110.50 111.00  bVII  10   7   0  10
111.00 111.50     i   0   1   0   0
111.50 112.00  bVII  10   7   0  10
112.00 112.50   bVI   8   6   0   8
112.50 113.00  bVII  10   7   0  10
---
