 0.00  1.50     I   0   1   4   4
 1.50  2.00    vi   9   6   4   1
 2.00  2.50    IV   5   4   4   9
 2.50  3.00     V   7   5   4  11
 3.00  3.50     I   0   1   4   4
 3.50  4.00    vi   9   6   4   1
 4.00  4.50    IV   5   4   4   9
 4.50  5.00     V   7   5   4  11
 5.00  5.50     I   0   1   4   4
 5.50  6.00    vi   9   6   4   1
 6.00  6.50    IV   5   4   4   9
 6.50  7.00     V   7   5   4  11
 7.00  7.50     I   0   1   4   4
 7.50  8.00    vi   9   6   4   1
 8.00  8.50    IV   5   4   4   9
 8.50  9.00     V   7   5   4  11
 9.00  9.50     I   0   1   4   4
 9.50 10.00    vi   9   6   4   1
10.00 10.50    IV   5   4   4   9
10.50 11.00     V   7   5   4  11
11.00 11.50     I   0   1   4   4
11.50 12.00    vi   9   6   4   1
12.00 12.50    IV   5   4   4   9
12.50 13.00     V   7   5   4  11
13.00 13.50     I   0   1   4   4
13.50 14.00    vi   9   6   4   1
14.00 14.50    IV   5   4   4   9
14.50 15.00     V   7   5   4  11
15.00 15.50     I   0   1   4   4
15.50 16.00    vi   9   6   4   1
16.00 16.50    IV   5   4   4   9
16.50 17.00     V   7   5   4  11
17.00 17.50     I   0   1   4   4
17.50 18.00    vi   9   6   4   1
18.00 18.50    IV   5   4   4   9
18.50 19.00     V   7   5   4  11
19.00 19.50     I   0   1   4   4
19.50 20.00    IV   5   4   4   9
20.00 20.50     I   0   1   4   4
20.50 21.00  V7/I   7   5   4  11
21.00 22.00    IV   5   4   4   9
22.00 23.00   iii   4   3   4   8
23.00 23.50    ii   2   2   4   6
23.50 24.00     V   7   5   4  11
24.00 25.00     I   0   1   4   4
25.00 26.00    IV   5   4   4   9
26.00 27.00   iii   4   3   4   8
27.00 28.00  V7/V   2   2   4   6
28.00 29.00     V   7   5   4  11
29.00 29.50     I   0   1   4   4
29.50 30.00    vi   9   6   4   1
30.00 30.50    IV   5   4   4   9
30.50 31.00     V   7   5   4  11
31.00 31.50     I   0   1   4   4
31.50 32.00    vi   9   6   4   1
32.00 32.50    IV   5   4   4   9
32.50 33.00     V   7   5   4  11
33.00 33.50     I   0   1   4   4
33.50 34.00    vi   9   6   4   1
34.00 34.50    IV   5   4   4   9
34.50 35.00     V   7   5   4  11
35.00 35.50     I   0   1   4   4
35.50 36.00    vi   9   6   4   1
36.00 36.50    IV   5   4   4   9
36.50 37.00     V   7   5   4  11
37.00 37.50     I   0   1   4   4
37.50 38.00    IV   5   4   4   9
38.00 39.00     I   0   1   4   4
39.00 40.00    IV   5   4   4   9
40.00 41.00   iii   4   3   4   8
41.00 41.50    ii   2   2   4   6
41.50 42.00     V   7   5   4  11
42.00 43.00     I   0   1   4   4
43.00 44.00    IV   5   4   4   9
44.00 45.00   iii   4   3   4   8
45.00 46.00  V7/V   2   2   4   6
46.00 47.00     V   7   5   4  11
47.00 47.50     I   0   1   4   4
47.50 48.00    vi   9   6   4   1
48.00 48.50    IV   5   4   4   9
48.50 49.00     V   7   5   4  11
49.00 49.50     I   0   1   4   4
49.50 50.00    vi   9   6   4   1
50.00 50.50    IV   5   4   4   9
50.50 51.00     V   7   5   4  11
51.00 51.50     I   0   1   4   4
51.50 52.00    vi   9   6   4   1
52.00 52.50    IV   5   4   4   9
52.50 53.00     V   7   5   4  11
53.00 53.50     I   0   1   4   4
53.50 54.00    vi   9   6   4   1
54.00 54.50    IV   5   4   4   9
54.50 55.00     V   7   5   4  11
55.00 55.50     I   0   1   4   4
55.50 56.00    vi   9   6   4   1
56.00 56.50    IV   5   4   4   9
56.50 57.00     V   7   5   4  11
57.00 57.50     I   0   1   4   4
57.50 58.00    vi   9   6   4   1
58.00 58.50    IV   5   4   4   9
58.50 59.00     V   7   5   4  11
---
