 0.00  2.00     V   7   5   0   7
 2.00  3.00    IV   5   4   0   5
 3.00  3.50   iii   4   3   0   4
 3.50  4.00    ii   2   2   0   2
 4.00  9.50     I   0   1   0   0
 9.50  9.75    IV   5   4   0   5
 9.75 10.00   iii   4   3   0   4
10.00 11.50     I   0   1   0   0
11.50 11.75    IV   5   4   0   5
11.75 12.00   iii   4   3   0   4
12.00 13.50     I   0   1   0   0
13.50 13.75    IV   5   4   0   5
13.75 14.00   iii   4   3   0   4
14.00 15.50     I   0   1   0   0
15.50 15.75    IV   5   4   0   5
15.75 16.00   iii   4   3   0   4
16.00 18.00     V   7   5   0   7
18.00 19.00    IV   5   4   0   5
19.00 19.50   iii   4   3   0   4
19.50 20.00    ii   2   2   0   2
20.00 21.50     I   0   1   0   0
21.50 21.75    IV   5   4   0   5
21.75 22.00   iii   4   3   0   4
22.00 23.00     I   0   1   0   0
23.00 24.00     V   7   5   0   7
24.00 25.50     I   0   1   0   0
25.50 25.75    IV   5   4   0   5
25.75 26.00   iii   4   3   0   4
26.00 27.50     I   0   1   0   0
27.50 27.75    IV   5   4   0   5
27.75 28.00   iii   4   3   0   4
28.00 29.50     I   0   1   0   0
29.50 29.75    IV   5   4   0   5
29.75 30.00   iii   4   3   0   4
30.00 31.50     I   0   1   0   0
31.50 31.75    IV   5   4   0   5
31.75 32.00   iii   4   3   0   4
32.00 34.00     V   7   5   0   7
34.00 35.00    IV   5   4   0   5
35.00 35.50   iii   4   3   0   4
35.50 36.00    ii   2   2   0   2
36.00 37.50     I   0   1   0   0
37.50 37.75    IV   5   4   0   5
37.75 38.00   iii   4   3   0   4
38.00 40.00     I   0   1   0   0
40.00 41.00    ii   2   2   0   2
41.00 42.00   iii   4   3   0   4
42.00 43.00    ii   2   2   0   2
43.00 44.00   iii   4   3   0   4
44.00 45.00    ii   2   2   0   2
45.00 46.00   iii   4   3   0   4
46.00 47.00    ii   2   2   0   2
47.00 51.00     V   7   5   0   7
51.00 52.50     I   0   1   0   0
52.50 52.75    IV   5   4   0   5
52.75 53.00   iii   4   3   0   4
53.00 54.50     I   0   1   0   0
54.50 54.75    IV   5   4   0   5
54.75 55.00   iii   4   3   0   4
55.00 56.50     I   0   1   0   0
56.50 56.75    IV   5   4   0   5
56.75 57.00   iii   4   3   0   4
57.00 58.50     I   0   1   0   0
58.50 58.75    IV   5   4   0   5
58.75 59.00   iii   4   3   0   4
59.00 61.00     V   7   5   0   7
61.00 62.00    IV   5   4   0   5
62.00 62.50   iii   4   3   0   4
62.50 63.00    ii   2   2   0   2
63.00 64.50     I   0   1   0   0
64.50 64.75    IV   5   4   0   5
64.75 65.00   iii   4   3   0   4
65.00 67.00     I   0   1   0   0
67.00 68.50     I   0   1   2   2
68.50 68.75    IV   5   4   2   7
68.75 69.00   iii   4   3   2   6
69.00 70.50     I   0   1   2   2
70.50 70.75    IV   5   4   2   7
70.75 71.00   iii   4   3   2   6
71.00 72.50     I   0   1   2   2
72.50 72.75    IV   5   4   2   7
72.75 73.00   iii   4   3   2   6
73.00 75.00     I   0   1   2   2
75.00 76.50     I   0   1   0   0
76.50 76.75    IV   5   4   0   5
76.75 77.00   iii   4   3   0   4
77.00 78.50     I   0   1   0   0
78.50 78.75    IV   5   4   0   5
78.75 79.00   iii   4   3   0   4
79.00 80.50     I   0   1   0   0
80.50 80.75    IV   5   4   0   5
80.75 81.00   iii   4   3   0   4
81.00 82.50     I   0   1   0   0
82.50 82.75    IV   5   4   0   5
82.75 83.00   iii   4   3   0   4
83.00 85.00     V   7   5   0   7
85.00 86.00    IV   5   4   0   5
86.00 86.50   iii   4   3   0   4
86.50 87.00    ii   2   2   0   2
87.00 88.50     I   0   1   0   0
88.50 88.75    IV   5   4   0   5
88.75 89.00   iii   4   3   0   4
89.00 91.00     I   0   1   0   0
91.00 93.00     V   7   5   0   7
93.00 94.00    IV   5   4   0   5
94.00 94.50   iii   4   3   0   4
94.50 95.00    ii   2   2   0   2
95.00 96.50     I   0   1   0   0
96.50 96.75    IV   5   4   0   5
96.75 97.00   iii   4   3   0   4
97.00 99.00     I   0   1   0   0
99.00 101.00     V   7   5   0   7
101.00 102.00    IV   5   4   0   5
102.00 102.50   iii   4   3   0   4
102.50 103.00    ii   2   2   0   2
103.00 104.50     I   0   1   0   0
104.50 104.75    IV   5   4   0   5
104.75 105.00   iii   4   3   0   4
105.00 107.00     I   0   1   0   0
107.00 109.00     V   7   5   0   7
109.00 110.00    IV   5   4   0   5
110.00 110.50   iii   4   3   0   4
110.50 111.00    ii   2   2   0   2
111.00 112.50     I   0   1   0   0
112.50 112.75    IV   5   4   0   5
112.75 113.00   iii   4   3   0   4
113.00 115.00     I   0   1   0   0
---
