 2.00  2.50     I   0   1   4   4
 2.50  3.00  bVII  10   7   4   2
 3.00  4.00   IV6   5   4   4   9
 4.00  4.50     I   0   1   4   4
 4.50  5.00  bVII  10   7   4   2
 5.00  6.00   IV6   5   4   4   9
 6.00  6.50     I   0   1   4   4
 6.50  7.00  bVII  10   7   4   2
 7.00  8.00   IV6   5   4   4   9
 8.00  8.50     I   0   1   4   4
 8.50  9.00  bVII  10   7   4   2
 9.00 10.00   IV6   5   4   4   9
10.00 10.50     I   0   1   4   4
10.50 11.00  bVII  10   7   4   2
11.00 12.00   IV6   5   4   4   9
12.00 12.50     I   0   1   4   4
12.50 13.00  bVII  10   7   4   2
13.00 14.00   IV6   5   4   4   9
14.00 14.50     I   0   1   4   4
14.50 15.00  bVII  10   7   4   2
15.00 16.00   IV6   5   4   4   9
16.00 16.50     I   0   1   4   4
16.50 17.00  bVII  10   7   4   2
17.00 18.00   IV6   5   4   4   9
18.00 20.00     V   7   5   4  11
20.00 22.00    IV   5   4   4   9
22.00 24.00     V   7   5   4  11
24.00 25.00  bIII   3   3   4   7
25.00 26.00  bVII  10   7   4   2
26.00 26.50     I   0   1   4   4
26.50 27.00  bVII  10   7   4   2
27.00 28.00   IV6   5   4   4   9
28.00 28.50     I   0   1   4   4
28.50 29.00  bVII  10   7   4   2
29.00 30.00   IV6   5   4   4   9
30.00 30.50     I   0   1   4   4
30.50 31.00  bVII  10   7   4   2
31.00 32.00   IV6   5   4   4   9
32.00 32.50     I   0   1   4   4
32.50 33.00  bVII  10   7   4   2
33.00 34.00   IV6   5   4   4   9
34.00 36.00     V   7   5   4  11
36.00 38.00    IV   5   4   4   9
38.00 40.00     V   7   5   4  11
40.00 41.00  bIII   3   3   4   7
41.00 42.00  bVII  10   7   4   2
42.00 42.50     I   0   1   4   4
42.50 43.00  bVII  10   7   4   2
43.00 43.50    IV   5   4   4   9
43.50 44.50     I   0   1   4   4
44.50 45.00  bVII  10   7   4   2
45.00 45.50    IV   5   4   4   9
45.50 46.50     I   0   1   4   4
46.50 47.00  bVII  10   7   4   2
47.00 47.50    IV   5   4   4   9
47.50 48.50     I   0   1   4   4
48.50 49.00  bVII  10   7   4   2
49.00 49.50    IV   5   4   4   9
49.50 50.50     I   0   1   4   4
50.50 51.00  bVII  10   7   4   2
51.00 51.50    IV   5   4   4   9
51.50 52.50     I   0   1   4   4
52.50 53.00  bVII  10   7   4   2
53.00 53.50    IV   5   4   4   9
53.50 54.50     I   0   1   4   4
54.50 55.00  bVII  10   7   4   2
55.00 55.50    IV   5   4   4   9
55.50 56.50     I   0   1   4   4
56.50 57.00  bVII  10   7   4   2
57.00 57.50    IV   5   4   4   9
57.50 58.00     I   0   1   4   4
58.00 60.00     V   7   5   4  11
60.00 62.00    IV   5   4   4   9
62.00 64.00     V   7   5   4  11
64.00 65.00  bIII   3   3   4   7
65.00 66.00  bVII  10   7   4   2
66.00 70.00     I   0   1   4   4
70.00 72.00    IV   5   4   4   9
72.00 74.00     I   0   1   4   4
74.00 76.00     V   7   5   4  11
76.00 78.00    IV   5   4   4   9
78.00 80.00     V   7   5   4  11
80.00 81.00  bIII   3   3   4   7
81.00 82.00  bVII  10   7   4   2
82.00 84.00    IV   5   4   4   9
84.00 84.50     I   0   1   4   4
84.50 85.00  bVII  10   7   4   2
85.00 85.50    IV   5   4   4   9
85.50 86.50     I   0   1   4   4
86.50 87.00  bVII  10   7   4   2
87.00 87.50    IV   5   4   4   9
87.50 88.50     I   0   1   4   4
88.50 89.00  bVII  10   7   4   2
89.00 89.50    IV   5   4   4   9
89.50 90.50     I   0   1   4   4
90.50 91.00  bVII  10   7   4   2
91.00 91.50    IV   5   4   4   9
91.50 92.50     I   0   1   4   4
92.50 93.00  bVII  10   7   4   2
93.00 93.50    IV   5   4   4   9
93.50 94.50     I   0   1   4   4
94.50 95.00  bVII  10   7   4   2
95.00 95.50    IV   5   4   4   9
95.50 96.50     I   0   1   4   4
96.50 97.00  bVII  10   7   4   2
97.00 97.50    IV   5   4   4   9
97.50 98.00     I   0   1   4   4
---
