 0.00  4.00     I   0   1   4   4
 4.00  6.00    IV   5   4   4   9
 6.00  8.00     I   0   1   4   4
 8.00  9.00     V   7   5   4  11
 9.00 10.00    IV   5   4   4   9
10.00 20.00     I   0   1   4   4
20.00 22.00    IV   5   4   4   9
22.00 24.00     I   0   1   4   4
24.00 25.00     V   7   5   4  11
25.00 26.00    IV   5   4   4   9
26.00 32.00     I   0   1   4   4
32.00 34.00    IV   5   4   4   9
34.00 36.00     I   0   1   4   4
36.00 37.00     V   7   5   4  11
37.00 38.00    IV   5   4   4   9
38.00 48.00     I   0   1   4   4
48.00 50.00    IV   5   4   4   9
50.00 52.00     I   0   1   4   4
52.00 53.00     V   7   5   4  11
53.00 54.00    IV   5   4   4   9
54.00 60.00     I   0   1   4   4
60.00 62.00    IV   5   4   4   9
62.00 64.00     I   0   1   4   4
64.00 65.00     V   7   5   4  11
65.00 66.00    IV   5   4   4   9
66.00 72.00     I   0   1   4   4
72.00 74.00    IV   5   4   4   9
74.00 76.00     I   0   1   4   4
76.00 77.00     V   7   5   4  11
77.00 78.00    IV   5   4   4   9
78.00 80.00     I   0   1   4   4
---
