 0.00  4.00     I   0   1   4   4
 4.00  5.00    ii   2   2   4   6
 5.00  6.00     V   7   5   4  11
 6.00  8.00     I   0   1   4   4
 8.00  9.00    ii   2   2   4   6
 9.00 10.00     V   7   5   4  11
10.00 12.00  V/vi   4   3   4   8
12.00 14.00  V/ii   9   6   4   1
14.00 16.00   V/V   2   2   4   6
16.00 18.00     V   7   5   4  11
18.00 20.00     I   0   1   4   4
20.00 22.00    vi   9   6   4   1
22.00 24.00    IV   5   4   4   9
24.00 26.00     V   7   5   4  11
26.00 28.00     I   0   1   4   4
28.00 29.00    ii   2   2   4   6
29.00 30.00     V   7   5   4  11
30.00 32.00     I   0   1   4   4
32.00 33.00    ii   2   2   4   6
33.00 34.00     V   7   5   4  11
34.00 36.00  V/vi   4   3   4   8
36.00 38.00  V/ii   9   6   4   1
38.00 40.00   V/V   2   2   4   6
40.00 42.00     V   7   5   4  11
42.00 44.00     I   0   1   4   4
44.00 46.00    vi   9   6   4   1
46.00 48.00    IV   5   4   4   9
48.00 50.00     V   7   5   4  11
50.00 52.00     I   0   1   4   4
52.00 53.00    ii   2   2   4   6
53.00 54.00     V   7   5   4  11
54.00 56.00     I   0   1   4   4
56.00 57.00    ii   2   2   4   6
57.00 58.00     V   7   5   4  11
58.00 60.00     I   0   1   4   4
60.00 62.00    vi   9   6   4   1
62.00 64.00    IV   5   4   4   9
64.00 68.00     V   7   5   4  11
68.00 70.00     I   0   1   4   4
70.00 72.00    vi   9   6   4   1
72.00 74.00    IV   5   4   4   9
74.00 76.00     V   7   5   4  11
---
