12.00 13.00     I   0   1  10  10
13.00 14.00     V   7   5  10   5
14.00 15.00   iii   4   3  10   2
15.00 16.00    vi   9   6  10   7
16.00 17.00     I   0   1  10  10
17.00 18.00     V   7   5  10   5
18.00 19.00   iii   4   3  10   2
19.00 20.00    vi   9   6  10   7
20.00 21.00    IV   5   4  10   3
21.00 22.00     V   7   5  10   5
22.00 23.00     I   0   1  10  10
23.00 25.00    IV   5   4  10   3
25.00 26.00     V   7   5  10   5
26.00 27.00     I   0   1  10  10
27.00 29.00    IV   5   4  10   3
29.00 30.00     V   7   5  10   5
30.00 31.00     I   0   1  10  10
31.00 33.00    IV   5   4  10   3
33.00 34.00     V   7   5  10   5
34.00 35.00     I   0   1  10  10
35.00 38.00    IV   5   4  10   3
38.00 39.00     V   7   5  10   5
39.00 40.00     I   0   1  10  10
40.00 42.00    IV   5   4  10   3
42.00 43.00     V   7   5  10   5
43.00 44.00     I   0   1  10  10
44.00 46.00    IV   5   4  10   3
46.00 47.00     V   7   5  10   5
47.00 48.00     I   0   1  10  10
48.00 50.00    IV   5   4  10   3
50.00 51.00     V   7   5  10   5
51.00 52.00     I   0   1  10  10
52.00 54.00    IV   5   4  10   3
54.00 55.00     V   7   5  10   5
55.00 56.00     I   0   1  10  10
56.00 58.00    IV   5   4  10   3
58.00 59.00     V   7   5  10   5
59.00 60.00     I   0   1  10  10
60.00 62.00    IV   5   4  10   3
62.00 63.00     V   7   5  10   5
63.00 64.00     I   0   1  10  10
64.00 66.00    IV   5   4  10   3
66.00 67.00     V   7   5  10   5
67.00 68.00     I   0   1  10  10
68.00 70.00    IV   5   4  10   3
70.00 71.00     V   7   5  10   5
71.00 72.00     I   0   1  10  10
72.00 74.00    IV   5   4  10   3
74.00 75.00     V   7   5  10   5
75.00 76.00     I   0   1  10  10
76.00 78.00    IV   5   4  10   3
78.00 79.00     V   7   5  10   5
79.00 80.00     I   0   1  10  10
80.00 82.00    IV   5   4  10   3
82.00 83.00     V   7   5  10   5
83.00 84.00     I   0   1  10  10
84.00 86.00    IV   5   4  10   3
86.00 87.00     V   7   5  10   5
87.00 88.00     I   0   1  10  10
88.00 90.00    IV   5   4  10   3
90.00 91.00     V   7   5  10   5
91.00 92.00     I   0   1  10  10
92.00 94.00    IV   5   4  10   3
94.00 95.00     V   7   5  10   5
95.00 96.00     I   0   1  10  10
96.00 98.00    IV   5   4  10   3
98.00 99.00     V   7   5  10   5
99.00 100.00     I   0   1  10  10
100.00 102.00    IV   5   4  10   3
102.00 103.00     V   7   5  10   5
103.00 104.00     I   0   1  10  10
104.00 106.00    IV   5   4  10   3
106.00 107.00     V   7   5  10   5
107.00 108.00     I   0   1  10  10
108.00 118.00    IV   5   4  10   3
118.00 119.00     V   7   5  10   5
119.00 120.00     I   0   1  10  10
120.00 122.00    IV   5   4  10   3
122.00 123.00     V   7   5  10   5
123.00 124.00     I   0   1  10  10
124.00 126.00    IV   5   4  10   3
126.00 127.00     V   7   5  10   5
127.00 128.00     I   0   1  10  10
128.00 130.00    IV   5   4  10   3
130.00 131.00     V   7   5  10   5
131.00 132.00     I   0   1  10  10
132.00 134.00    IV   5   4  10   3
134.00 135.00     V   7   5  10   5
135.00 136.00     I   0   1  10  10
136.00 138.00    IV   5   4  10   3
138.00 139.00     V   7   5  10   5
139.00 140.00     I   0   1  10  10
140.00 155.00    IV   5   4  10   3
155.00 156.00     V   7   5  10   5
156.00 157.00     I   0   1  10  10
157.00 159.00    IV   5   4  10   3
159.00 160.00     V   7   5  10   5
160.00 161.00     I   0   1  10  10
161.00 164.00    IV   5   4  10   3
164.00 165.00     V   7   5  10   5
165.00 166.00     I   0   1  10  10
166.00 168.00    IV   5   4  10   3
168.00 169.00     V   7   5  10   5
169.00 170.00     I   0   1  10  10
170.00 172.00    IV   5   4  10   3
172.00 173.00     V   7   5  10   5
173.00 174.00     I   0   1  10  10
174.00 176.00    IV   5   4  10   3
176.00 177.00     V   7   5  10   5
177.00 178.00     I   0   1  10  10
178.00 180.00    IV   5   4  10   3
180.00 181.00     V   7   5  10   5
181.00 182.00     I   0   1  10  10
182.00 184.00    IV   5   4  10   3
184.00 185.00     V   7   5  10   5
185.00 186.00     I   0   1  10  10
186.00 188.00    IV   5   4  10   3
188.00 189.00     V   7   5  10   5
189.00 190.00     I   0   1  10  10
190.00 192.00    IV   5   4  10   3
192.00 193.00     V   7   5  10   5
193.00 194.00     I   0   1  10  10
194.00 196.00    IV   5   4  10   3
---
