 0.00  1.50     I   0   1   2   2
 1.50  2.00    IV   5   4   2   7
 2.00  2.50     V   7   5   2   9
 2.50  3.50     I   0   1   2   2
 3.50  4.00    IV   5   4   2   7
 4.00  5.50     I   0   1   2   2
 5.50  6.00    IV   5   4   2   7
 6.00  6.50     V   7   5   2   9
 6.50  7.50     I   0   1   2   2
 7.50  8.00    IV   5   4   2   7
 8.00  9.00     V   7   5   2   9
 9.00  9.50     I   0   1   2   2
 9.50 10.00    IV   5   4   2   7
10.00 10.50     V   7   5   2   9
10.50 11.50     I   0   1   2   2
11.50 12.00    IV   5   4   2   7
12.00 13.00     I   0   1   2   2
13.00 13.50    IV   5   4   2   7
13.50 14.00     V   7   5   2   9
14.00 14.50     I   0   1   2   2
14.50 15.50    IV   5   4   2   7
15.50 16.00     V   7   5   2   9
16.00 17.00     I   0   1   2   2
17.00 17.50    IV   5   4   2   7
17.50 18.00     V   7   5   2   9
18.00 18.50     I   0   1   2   2
18.50 19.50    IV   5   4   2   7
19.50 20.00     V   7   5   2   9
20.00 21.50     I   0   1   2   2
21.50 22.00    IV   5   4   2   7
22.00 22.50     V   7   5   2   9
22.50 23.50     I   0   1   2   2
23.50 24.00    IV   5   4   2   7
24.00 25.50     I   0   1   2   2
25.50 26.00    IV   5   4   2   7
26.00 26.50     V   7   5   2   9
26.50 27.50     I   0   1   2   2
27.50 28.00    IV   5   4   2   7
28.00 29.00     V   7   5   2   9
29.00 29.50     I   0   1   2   2
29.50 30.00    IV   5   4   2   7
30.00 30.50     V   7   5   2   9
30.50 31.50     I   0   1   2   2
31.50 32.00    IV   5   4   2   7
32.00 33.00     I   0   1   2   2
33.00 33.50    IV   5   4   2   7
33.50 34.00     V   7   5   2   9
34.00 34.50     I   0   1   2   2
34.50 35.50    IV   5   4   2   7
35.50 36.00     V   7   5   2   9
36.00 37.00     I   0   1   2   2
37.00 37.50    IV   5   4   2   7
37.50 38.00     V   7   5   2   9
38.00 38.50     I   0   1   2   2
38.50 39.50    IV   5   4   2   7
39.50 40.00     V   7   5   2   9
40.00 41.50     I   0   1   2   2
41.50 42.00    IV   5   4   2   7
42.00 42.50     V   7   5   2   9
42.50 43.50     I   0   1   2   2
43.50 44.00    IV   5   4   2   7
44.00 45.50     I   0   1   2   2
45.50 46.00    IV   5   4   2   7
46.00 46.50     V   7   5   2   9
46.50 47.50     I   0   1   2   2
47.50 48.00    IV   5   4   2   7
48.00 49.00     V   7   5   2   9
49.00 49.50     I   0   1   2   2
49.50 50.00    IV   5   4   2   7
50.00 50.50     V   7   5   2   9
50.50 51.50     I   0   1   2   2
51.50 52.00    IV   5   4   2   7
52.00 53.00     I   0   1   2   2
53.00 53.50    IV   5   4   2   7
53.50 54.00     V   7   5   2   9
54.00 54.50     I   0   1   2   2
54.50 55.50    IV   5   4   2   7
55.50 56.00     V   7   5   2   9
56.00 57.00     I   0   1   2   2
57.00 57.50    IV   5   4   2   7
57.50 58.00     V   7   5   2   9
58.00 58.50     I   0   1   2   2
58.50 59.50    IV   5   4   2   7
59.50 60.00     V   7   5   2   9
60.00 61.00     I   0   1   2   2
---
