 0.00  6.00     I   0   1   9   9
 6.00  8.00    IV   5   4   9   2
 8.00 10.00     I   0   1   9   9
10.00 12.00     V   7   5   9   4
12.00 22.00     I   0   1   9   9
22.00 24.00    IV   5   4   9   2
24.00 26.00     I   0   1   9   9
26.00 28.00     V   7   5   9   4
28.00 34.00     I   0   1   9   9
34.00 36.00    IV   5   4   9   2
36.00 38.00     I   0   1   9   9
38.00 40.00     V   7   5   9   4
40.00 50.00     I   0   1   9   9
50.00 52.00    IV   5   4   9   2
52.00 54.00     I   0   1   9   9
54.00 56.00     V   7   5   9   4
56.00 62.00     I   0   1   9   9
62.00 64.00    IV   5   4   9   2
64.00 66.00     I   0   1   9   9
66.00 68.00     V   7   5   9   4
68.00 74.00     I   0   1   9   9
74.00 76.00    IV   5   4   9   2
76.00 78.00     I   0   1   9   9
78.00 80.00     V   7   5   9   4
80.00 86.00     I   0   1   9   9
86.00 88.00    IV   5   4   9   2
88.00 90.00     I   0   1   9   9
90.00 92.00     V   7   5   9   4
92.00 94.00     I   0   1   9   9
---
