 0.00  2.00    IV   5   4  11   4
 2.00  4.00     I   0   1  11  11
 4.00  6.00    IV   5   4  11   4
 6.00  8.00     I   0   1  11  11
 8.00 10.00    V7   7   5  11   6
10.00 10.50     I   0   1  11  11
10.50 11.00    IV   5   4  11   4
11.00 12.00     I   0   1  11  11
12.00 14.00    IV   5   4  11   4
14.00 16.00     I   0   1  11  11
16.00 18.00    V7   7   5  11   6
18.00 18.50     I   0   1  11  11
18.50 19.00    IV   5   4  11   4
19.00 21.00     I   0   1  11  11
21.00 21.50   ii7   2   2  11   1
21.50 22.00     V   7   5  11   6
22.00 23.50     I   0   1  11  11
23.50 24.00    V7   7   5  11   6
24.00 24.50   iii   4   3  11   3
24.50 25.00 V7/iii  11   7  11  10
25.00 25.50   iii   4   3  11   3
25.50 26.00 V7/iii  11   7  11  10
26.00 27.00   iii   4   3  11   3
27.00 27.50    V7   7   5  11   6
27.50 28.00 V7/IV   0   1  11  11
28.00 30.00    IV   5   4  11   4
30.00 32.00     I   0   1  11  11
32.00 34.00    V7   7   5  11   6
34.00 34.50     I   0   1  11  11
34.50 35.00    IV   5   4  11   4
35.00 37.00     I   0   1  11  11
37.00 37.50   ii7   2   2  11   1
37.50 38.00     V   7   5  11   6
38.00 39.50     I   0   1  11  11
39.50 40.00    V7   7   5  11   6
40.00 40.50   iii   4   3  11   3
40.50 41.00 V7/iii  11   7  11  10
41.00 41.50   iii   4   3  11   3
41.50 42.00 V7/iii  11   7  11  10
42.00 43.00   iii   4   3  11   3
43.00 43.50    V7   7   5  11   6
43.50 44.00 V7/IV   0   1  11  11
44.00 46.00    IV   5   4  11   4
46.00 48.00     I   0   1  11  11
48.00 50.00    V7   7   5  11   6
50.00 50.50     I   0   1  11  11
50.50 51.00    IV   5   4  11   4
51.00 52.00     I   0   1  11  11
---
