 0.00 16.50     I   0   1   7   7
16.50 17.00  bVII  10   7   7   5
17.00 17.50     I   0   1   7   7
17.50 18.00  bVII  10   7   7   5
18.00 33.00     I   0   1   7   7
33.00 34.00    IV   5   4   7   0
34.00 35.00     I   0   1   7   7
35.00 36.00    IV   5   4   7   0
36.00 40.50     I   0   1   7   7
40.50 41.00  bVII  10   7   7   5
41.00 42.50     I   0   1   7   7
42.50 43.00  bVII  10   7   7   5
43.00 62.50     I   0   1   7   7
62.50 63.00  bVII  10   7   7   5
63.00 64.00     I   0   1   7   7
---
