 0.00  1.00    vi   9   6  10   7
 1.00  2.00  V7/V   2   2  10   0
 2.00  3.00    V7   7   5  10   5
 3.00  4.00     I   0   1  10  10
 4.00  5.00    vi   9   6  10   7
 5.00  7.00 V7/IV   0   1  10  10
 7.00  8.00    ii   2   2  10   0
 8.00  9.00    V7   7   5  10   5
 9.00 11.00  V/IV   0   1  10  10
11.00 11.50    IV   5   4  10   3
11.50 12.00    I6   0   1  10  10
12.00 12.50 viix42/V   6   4  10   4
12.50 14.00   V43   7   5  10   5
14.00 17.00     I   0   1  10  10
17.00 18.00    vi   9   6  10   7
18.00 19.50    ii   2   2  10   0
19.50 20.00     V   7   5  10   5
20.00 21.00     I   0   1  10  10
21.00 22.00    vi   9   6  10   7
22.00 23.00    ii   2   2  10   0
23.00 24.00    V6   7   5  10   5
24.00 25.00     I   0   1   3   3
25.00 26.00    vi   9   6   3   0
26.00 27.00    ii   2   2   3   5
27.00 28.00     V   7   5   3  10
28.00 28.50     I   0   1   3   3
28.50 29.00    V6   7   5   3  10
29.00 29.50    vi   9   6   3   0
29.50 30.00    iv   5   4   3   8
30.00 32.00     I   0   1   3   3
32.00 35.00     I   0   1  10  10
35.00 36.00    vi   9   6  10   7
36.00 37.50    ii   2   2  10   0
37.50 38.00     V   7   5  10   5
38.00 39.00     I   0   1  10  10
39.00 40.00    vi   9   6  10   7
40.00 41.00    ii   2   2  10   0
41.00 42.00    V6   7   5  10   5
42.00 43.00     I   0   1   3   3
43.00 44.00    vi   9   6   3   0
44.00 45.00    ii   2   2   3   5
45.00 46.00     V   7   5   3  10
46.00 46.50     I   0   1   3   3
46.50 47.00    V6   7   5   3  10
47.00 48.00    vi   9   6   3   0
48.00 49.00    ii   2   2   3   5
49.00 50.00     V   7   5   3  10
50.00 50.50     I   0   1   3   3
50.50 51.00    V6   7   5   3  10
51.00 52.00    vi   9   6   3   0
52.00 53.00    ii   2   2   3   5
53.00 54.00  bVII  10   7   3   1
54.00 60.00     I   0   1   9   9
60.00 60.50 III64   4   3   9   1
60.50 61.00 V7/III  11   7   9   8
61.00 61.50 bIII64   3   3   9   0
61.50 62.00     V   7   5   9   4
62.00 65.00     I   0   1   9   9
65.00 66.00     V   7   5   9   4
66.00 67.00   vi7   9   6   3   0
67.00 69.00     V   7   5   3  10
69.00 71.00     I   0   1   3   3
71.00 71.50    IV   5   4   3   8
71.50 72.00     I   0   1   3   3
72.00 72.50   V/V   2   2   3   5
72.50 76.00     V   7   5   3  10
76.00 77.00     I   0   1   3   3
77.00 77.75     V   7   5   3  10
77.75 78.25     I   0   1   3   3
78.25 79.50     V   7   5   3  10
79.50 80.25     I   0   1   3   3
80.25 81.50     V   7   5   3  10
81.50 82.00     I   0   1   3   3
82.00 82.50     V   7   5   3  10
82.50 83.00     I   0   1   3   3
83.00 84.00     V   7   5   3  10
84.00 85.00 V/bVI   3   3   3   6
85.00 85.25   bvi   8   6   3  11
85.25 85.50 V/VII   6   4   3   9
85.50 85.75   VII  11   7   3   2
85.75 86.00 V/bVI   3   3   3   6
86.00 86.25   bVI   8   6   3  11
86.25 86.50     V   7   5   3  10
86.50 88.50     I   0   1   3   3
88.50 89.00     V   7   5   3  10
89.00 89.50     I   0   1   3   3
89.50 90.00    IV   5   4   3   8
90.00 90.50 V7/iii  11   7   3   2
90.50 91.00   iii   4   3   3   7
91.00 95.00     V   7   5   3  10
95.00 98.00     I   0   1   3   3
98.00 99.00    II   2   2   3   5
99.00 102.00     V   7   5   3  10
102.00 103.00  bVII  10   7   3   1
103.00 104.50     V   7   5   3  10
104.50 105.00     I   0   1   3   3
105.00 106.00    IV   5   4   3   8
106.00 107.00    ii   2   2   3   5
107.00 108.00     V   7   5   3  10
108.00 109.00    ii   2   2   3   5
109.00 110.00     V   7   5   3  10
110.00 110.50    ii   2   2   3   5
110.50 111.00     V   7   5   3  10
111.00 111.50    ii   2   2   3   5
111.50 112.00     V   7   5   3  10
112.00 115.00     I   0   1   3   3
115.00 116.00    II   2   2   3   5
116.00 117.00  bIII   3   3   3   6
117.00 118.00   bVI   8   6   3  11
118.00 119.00    IV   5   4   3   8
119.00 122.00     V   7   5   3  10
122.00 122.50     I   0   1   3   3
122.50 123.00    V6   7   5   3  10
123.00 123.50    vi   9   6   3   0
123.50 123.75  V/vi   4   3   3   7
123.75 124.00    vi   9   6   3   0
124.00 124.25  V/vi   4   3   3   7
124.25 124.50    vi   9   6   3   0
124.50 124.75     V   7   5   3  10
124.75 125.00     I   0   1   3   3
125.00 125.50 V/iii  11   7   3   2
125.50 126.00   iii   4   3   3   7
126.00 126.50    IV   5   4   3   8
126.50 127.00     I   0   1   3   3
127.00 127.50    vi   9   6   3   0
127.50 128.00   iii   4   3   3   7
128.00 128.50    vi   9   6   3   0
128.50 129.00   iii   4   3   3   7
129.00 129.50    vi   9   6   3   0
129.50 130.00    iv   5   4   3   8
130.00 131.00     V   7   5   3  10
131.00 132.50     I   0   1   3   3
132.50 133.00 viix7  11   7   3   2
133.00 134.00    V6   7   5   3  10
134.00 135.50     V   7   5   5   0
135.50 138.00     I   0   1   5   5
---
