 0.00 16.00     I   0   1   4   4
16.00 16.50  bIII   3   3   4   7
16.50 17.00    IV   5   4   4   9
17.00 18.00     I   0   1   4   4
18.00 18.50  bIII   3   3   4   7
18.50 19.00    IV   5   4   4   9
19.00 20.00     I   0   1   4   4
20.00 20.50  bIII   3   3   4   7
20.50 21.00    IV   5   4   4   9
21.00 22.00     I   0   1   4   4
22.00 22.50  bIII   3   3   4   7
22.50 23.00    IV   5   4   4   9
23.00 32.00     I   0   1   4   4
32.00 32.50  bIII   3   3   4   7
32.50 33.00    IV   5   4   4   9
33.00 34.00     I   0   1   4   4
34.00 34.50  bIII   3   3   4   7
34.50 35.00    IV   5   4   4   9
35.00 36.00     I   0   1   4   4
36.00 36.50  bIII   3   3   4   7
36.50 37.00    IV   5   4   4   9
37.00 38.00     I   0   1   4   4
38.00 38.50  bIII   3   3   4   7
38.50 39.00    IV   5   4   4   9
39.00 42.00     I   0   1   4   4
42.00 44.00  bIII   3   3   4   7
44.00 45.00    IV   5   4   4   9
45.00 46.00  bIII   3   3   4   7
46.00 49.00     I   0   1   4   4
49.00 50.00  bVII  10   7   4   2
50.00 51.00     I   0   1   4   4
51.00 52.00  bVII  10   7   4   2
52.00 53.00     I   0   1   4   4
53.00 54.00  bVII  10   7   4   2
54.00 55.00     I   0   1   4   4
55.00 56.00  bVII  10   7   4   2
56.00 86.00     I   0   1   4   4
86.00 86.50  bIII   3   3   4   7
86.50 87.00    IV   5   4   4   9
87.00 88.00     I   0   1   4   4
88.00 88.50  bIII   3   3   4   7
88.50 89.00    IV   5   4   4   9
89.00 90.00     I   0   1   4   4
90.00 90.50  bIII   3   3   4   7
90.50 91.00    IV   5   4   4   9
91.00 92.00     I   0   1   4   4
92.00 92.50  bIII   3   3   4   7
92.50 93.00    IV   5   4   4   9
93.00 96.00     I   0   1   4   4
96.00 98.00  bIII   3   3   4   7
98.00 99.00    IV   5   4   4   9
99.00 100.00  bIII   3   3   4   7
100.00 103.00     I   0   1   4   4
103.00 104.00  bVII  10   7   4   2
104.00 105.00     I   0   1   4   4
105.00 106.00  bVII  10   7   4   2
106.00 107.00     I   0   1   4   4
107.00 108.00  bVII  10   7   4   2
108.00 109.00     I   0   1   4   4
109.00 110.00  bVII  10   7   4   2
110.00 124.00     I   0   1   4   4
---
