 0.00  2.00     I   0   1   4   4
 2.00  3.00    IV   5   4   4   9
 3.00  4.00     V   7   5   4  11
 4.00  6.00     I   0   1   4   4
 6.00  7.00    IV   5   4   4   9
 7.00  8.00     V   7   5   4  11
 8.00 10.00     I   0   1   4   4
10.00 11.00    IV   5   4   4   9
11.00 12.00     V   7   5   4  11
12.00 14.00     I   0   1   4   4
14.00 15.00    IV   5   4   4   9
15.00 16.00     V   7   5   4  11
16.00 17.00    IV   5   4   4   9
17.00 18.00  vi64   9   6   4   1
18.00 19.00   ii7   2   2   4   6
19.00 20.00  vi64   9   6   4   1
20.00 22.00     I   0   1   4   4
22.00 23.00    IV   5   4   4   9
23.00 24.00  vi64   9   6   4   1
24.00 25.00   ii7   2   2   4   6
25.00 26.00  vi64   9   6   4   1
26.00 27.00     I   0   1   4   4
27.00 28.00    vi   9   6   4   1
28.00 29.00    IV   5   4   4   9
29.00 30.00     V   7   5   4  11
30.00 32.00     I   0   1   4   4
32.00 33.00    IV   5   4   4   9
33.00 34.00     V   7   5   4  11
34.00 36.00     I   0   1   4   4
36.00 37.00    IV   5   4   4   9
37.00 38.00     V   7   5   4  11
38.00 40.00     I   0   1   4   4
40.00 41.00    IV   5   4   4   9
41.00 42.00     V   7   5   4  11
42.00 44.00     I   0   1   4   4
44.00 45.00    IV   5   4   4   9
45.00 46.00     V   7   5   4  11
46.00 47.00    IV   5   4   4   9
47.00 48.00  vi64   9   6   4   1
48.00 49.00   ii7   2   2   4   6
49.00 50.00  vi64   9   6   4   1
50.00 52.00     I   0   1   4   4
52.00 53.00    IV   5   4   4   9
53.00 54.00  vi64   9   6   4   1
54.00 55.00   ii7   2   2   4   6
55.00 56.00  vi64   9   6   4   1
56.00 57.00     I   0   1   4   4
57.00 58.00    vi   9   6   4   1
58.00 59.00    IV   5   4   4   9
59.00 60.00     V   7   5   4  11
60.00 62.00     I   0   1   4   4
62.00 63.00    IV   5   4   4   9
63.00 64.00     V   7   5   4  11
64.00 66.00     I   0   1   4   4
66.00 67.00    IV   5   4   4   9
67.00 68.00     V   7   5   4  11
68.00 70.00     I   0   1   4   4
70.00 71.00    IV   5   4   4   9
71.00 72.00     V   7   5   4  11
72.00 74.00     I   0   1   4   4
74.00 75.00    IV   5   4   4   9
75.00 76.00     V   7   5   4  11
76.00 78.00    vi   9   6   4   1
78.00 79.00     I   0   1   4   4
79.00 80.00     v   7   5   4  11
80.00 82.00     I   0   1   2   2
82.00 84.00    IV   5   4   2   7
84.00 86.00     V   7   5   2   9
86.00 88.00  bVII  10   7   2   0
88.00 90.00     I   0   1   2   2
90.00 92.00    IV   5   4   2   7
92.00 94.00     V   7   5   2   9
94.00 96.00  bVII  10   7   2   0
96.00 99.00     I   0   1   5   5
99.00 101.00     V   7   5   5   0
101.00 103.00     I   0   1   5   5
103.00 105.00   V/V   2   2   4   6
105.00 113.00     V   7   5   4  11
113.00 115.00     I   0   1   4   4
115.00 116.00    IV   5   4   4   9
116.00 117.00     V   7   5   4  11
117.00 119.00     I   0   1   4   4
119.00 120.00    IV   5   4   4   9
120.00 121.00     V   7   5   4  11
121.00 122.00    IV   5   4   4   9
122.00 123.00  vi64   9   6   4   1
123.00 124.00   ii7   2   2   4   6
124.00 125.00  vi64   9   6   4   1
125.00 127.00     I   0   1   4   4
127.00 128.00    IV   5   4   4   9
128.00 129.00  vi64   9   6   4   1
129.00 130.00   ii7   2   2   4   6
130.00 131.00  vi64   9   6   4   1
131.00 132.00     I   0   1   4   4
132.00 133.00    vi   9   6   4   1
133.00 134.00    IV   5   4   4   9
134.00 135.00     V   7   5   4  11
135.00 136.00     I   0   1   4   4
136.00 137.00    vi   9   6   4   1
137.00 138.00    IV   5   4   4   9
138.00 139.00     V   7   5   4  11
139.00 140.00     I   0   1   4   4
140.00 141.00    vi   9   6   4   1
141.00 142.00    IV   5   4   4   9
142.00 143.00     V   7   5   4  11
143.00 145.00     I   0   1   4   4
145.00 146.00    IV   5   4   4   9
146.00 147.00     V   7   5   4  11
147.00 149.00     I   0   1   4   4
149.00 150.00    IV   5   4   4   9
150.00 151.00     V   7   5   4  11
151.00 153.00     I   0   1   4   4
153.00 154.00    IV   5   4   4   9
154.00 155.00     V   7   5   4  11
155.00 157.00     I   0   1   4   4
157.00 158.00    IV   5   4   4   9
158.00 159.00     V   7   5   4  11
159.00 160.00     I   0   1   4   4
---
