 0.00  4.50     I   0   1   6   6
 4.50  5.00    IV   5   4   6  11
 5.00  5.50     V   7   5   6   1
 5.50  6.50     I   0   1   6   6
 6.50  7.50     V   7   5   6   1
 7.50  8.50     I   0   1   6   6
 8.50  9.00    IV   5   4   6  11
 9.00 10.00     V   7   5   6   1
10.00 10.50     I   0   1   6   6
10.50 11.00    IV   5   4   6  11
11.00 12.00     V   7   5   6   1
12.00 12.50     I   0   1   6   6
12.50 13.00    IV   5   4   6  11
13.00 13.50     V   7   5   6   1
13.50 14.50     I   0   1   6   6
14.50 15.50     V   7   5   6   1
15.50 16.50     I   0   1   6   6
16.50 17.00    IV   5   4   6  11
17.00 18.00     V   7   5   6   1
18.00 18.50     I   0   1   6   6
18.50 19.00    IV   5   4   6  11
19.00 20.00     V   7   5   6   1
20.00 20.50     I   0   1   6   6
20.50 21.50     V   7   5   6   1
21.50 24.50     I   0   1   6   6
24.50 25.00    IV   5   4   6  11
25.00 26.50     I   0   1   6   6
26.50 27.00    IV   5   4   6  11
27.00 29.00     V   7   5   6   1
29.00 33.50     I   0   1   6   6
33.50 34.00    IV   5   4   6  11
34.00 34.50     V   7   5   6   1
34.50 35.50     I   0   1   6   6
35.50 36.50     V   7   5   6   1
36.50 37.50     I   0   1   6   6
37.50 38.00    IV   5   4   6  11
38.00 39.00     V   7   5   6   1
39.00 39.50     I   0   1   6   6
39.50 40.00    IV   5   4   6  11
40.00 41.00     V   7   5   6   1
41.00 41.50     I   0   1   6   6
41.50 42.00    IV   5   4   6  11
42.00 42.50     V   7   5   6   1
42.50 43.50     I   0   1   6   6
43.50 44.50     V   7   5   6   1
44.50 45.50     I   0   1   6   6
45.50 46.00    IV   5   4   6  11
46.00 47.00     V   7   5   6   1
47.00 47.50     I   0   1   6   6
47.50 48.00    IV   5   4   6  11
48.00 49.00     V   7   5   6   1
49.00 49.50     I   0   1   6   6
49.50 50.50     V   7   5   6   1
50.50 53.50     I   0   1   6   6
53.50 54.00    IV   5   4   6  11
54.00 55.50     I   0   1   6   6
55.50 56.00    IV   5   4   6  11
56.00 58.00     V   7   5   6   1
58.00 62.50     I   0   1   6   6
62.50 63.00    IV   5   4   6  11
63.00 63.50     V   7   5   6   1
63.50 64.50     I   0   1   6   6
64.50 65.50     V   7   5   6   1
65.50 66.50     I   0   1   6   6
66.50 67.00    IV   5   4   6  11
67.00 68.00     V   7   5   6   1
68.00 68.50     I   0   1   6   6
68.50 69.00    IV   5   4   6  11
69.00 70.00     V   7   5   6   1
70.00 70.50     I   0   1   6   6
70.50 71.00    IV   5   4   6  11
71.00 71.50     V   7   5   6   1
71.50 72.50     I   0   1   6   6
72.50 73.50     V   7   5   6   1
73.50 74.50     I   0   1   6   6
74.50 75.00    IV   5   4   6  11
75.00 76.00     V   7   5   6   1
76.00 76.50     I   0   1   6   6
76.50 77.00    IV   5   4   6  11
77.00 78.00     V   7   5   6   1
78.00 78.50     I   0   1   6   6
78.50 79.50     V   7   5   6   1
79.50 82.50     I   0   1   6   6
82.50 83.00    IV   5   4   6  11
83.00 84.50     I   0   1   6   6
84.50 85.00    IV   5   4   6  11
85.00 87.00     V   7   5   6   1
87.00 91.50     I   0   1   6   6
91.50 92.50     V   7   5   6   1
92.50 95.50     I   0   1   6   6
95.50 96.00    IV   5   4   6  11
96.00 97.50     I   0   1   6   6
97.50 98.00    IV   5   4   6  11
98.00 100.00     V   7   5   6   1
100.00 110.00     I   0   1   6   6
---
