 0.00  0.50   I64   0   1   3   3
 0.50  1.00     V   7   5   3  10
 1.00  1.75    IV   5   4   3   8
 1.75  2.00 viix7/V   6   4   3   9
 2.00  2.50   I64   0   1   3   3
 2.50  2.75 iih65/ii   4   3   3   7
 2.75  3.00 V7/ii   9   6   3   0
 3.00  3.50    IV   5   4   3   8
 3.50  4.00  iio6   2   2   3   5
 4.00  5.00     I   0   1   3   3
 5.00  6.00  IV64   5   4   3   8
 6.00  7.00     I   0   1   3   3
 7.00  8.00  IV64   5   4   3   8
 8.00  9.00     I   0   1   3   3
 9.00 10.00  IV64   5   4   3   8
10.00 11.00     I   0   1   3   3
11.00 11.50    IV   5   4   3   8
11.50 11.75  bVII  10   7   3   1
11.75 12.00    IV   5   4   3   8
12.00 13.00     I   0   1   3   3
13.00 14.00   ii7   2   2   3   5
14.00 14.50     I   0   1   3   3
14.50 15.00    IV   5   4   3   8
15.00 15.50     I   0   1   3   3
15.50 16.00    IV   5   4   3   8
16.00 17.00     I   0   1   3   3
17.00 19.00    V7   7   5   3  10
19.00 21.00     I   0   1   3   3
21.00 21.50    IV   5   4   3   8
21.50 22.00   V/V   2   2   3   5
22.00 22.50     V   7   5   3  10
22.50 22.75     I   0   1   3   3
22.75 23.00     V   7   5   3  10
23.00 23.75    IV   5   4   3   8
23.75 24.00 viix7/V   6   4   3   9
24.00 24.50   I64   0   1   3   3
24.50 25.00 V7/ii   9   6   3   0
25.00 25.50    IV   5   4   3   8
25.50 26.00 viix7/vi   8   6   3  11
26.00 26.50    vi   9   6   3   0
26.50 26.75     I   0   1   3   3
26.75 27.00     V   7   5   3  10
27.00 27.75    IV   5   4   3   8
27.75 28.00 viix7/V   6   4   3   9
28.00 28.50   I64   0   1   3   3
28.50 29.00 V7/ii   9   6   3   0
29.00 29.50    IV   5   4   3   8
29.50 30.00 viix42  11   7   3   2
30.00 31.00     I   0   1   3   3
31.00 32.00  IV64   5   4   3   8
32.00 33.00     I   0   1   3   3
33.00 34.00  IV64   5   4   3   8
34.00 35.00     I   0   1   3   3
35.00 36.00  IV64   5   4   3   8
36.00 37.00     I   0   1   3   3
37.00 38.00  IV64   5   4   3   8
38.00 39.00     I   0   1   3   3
39.00 39.50    IV   5   4   3   8
39.50 39.75  bVII  10   7   3   1
39.75 40.00    IV   5   4   3   8
40.00 41.00     I   0   1   3   3
41.00 42.00   ii7   2   2   3   5
42.00 42.50     I   0   1   3   3
42.50 43.00    IV   5   4   3   8
43.00 43.50     I   0   1   3   3
43.50 44.00    IV   5   4   3   8
44.00 45.00     I   0   1   3   3
45.00 47.00    V7   7   5   3  10
47.00 49.00     I   0   1   3   3
49.00 49.50    IV   5   4   3   8
49.50 50.00   V/V   2   2   3   5
50.00 50.50     V   7   5   3  10
50.50 50.75     I   0   1   3   3
50.75 51.00     V   7   5   3  10
51.00 51.75    IV   5   4   3   8
51.75 52.00 viix7/V   6   4   3   9
52.00 52.50   I64   0   1   3   3
52.50 53.00 V7/ii   9   6   3   0
53.00 53.50    IV   5   4   3   8
53.50 54.00 viix7/vi   8   6   3  11
54.00 54.50    vi   9   6   3   0
54.50 54.75     I   0   1   3   3
54.75 55.00     V   7   5   3  10
55.00 55.75    IV   5   4   3   8
55.75 56.00 viix7/V   6   4   3   9
56.00 56.50   I64   0   1   3   3
56.50 57.00 V7/ii   9   6   3   0
57.00 57.50    IV   5   4   3   8
57.50 58.00 V7/vi   4   3   3   7
58.00 59.00    vi   9   6   3   0
59.00 60.00  V7/V   2   2   3   5
60.00 60.50   I64   0   1   3   3
60.50 61.00     V   7   5   3  10
61.00 61.50    IV   5   4   3   8
61.50 62.00    vi   9   6   3   0
62.00 63.00    IV   5   4   3   8
63.00 64.00     I   0   1   3   3
64.00 65.00  IV64   5   4   3   8
65.00 66.00     I   0   1   3   3
66.00 67.00  IV64   5   4   3   8
67.00 68.00     I   0   1   3   3
68.00 69.00  IV64   5   4   3   8
69.00 70.00     I   0   1   3   3
70.00 71.00  IV64   5   4   3   8
71.00 72.00     I   0   1   3   3
72.00 72.50    IV   5   4   3   8
72.50 72.75  bVII  10   7   3   1
72.75 73.00    IV   5   4   3   8
73.00 74.00     I   0   1   3   3
74.00 75.00   ii7   2   2   3   5
75.00 75.50     I   0   1   3   3
75.50 76.00    IV   5   4   3   8
76.00 76.50     I   0   1   3   3
76.50 77.00    IV   5   4   3   8
77.00 78.00     I   0   1   3   3
78.00 80.00    V7   7   5   3  10
80.00 82.00     I   0   1   3   3
82.00 82.50    IV   5   4   3   8
82.50 83.00   V/V   2   2   3   5
83.00 83.50     V   7   5   3  10
83.50 83.75     I   0   1   3   3
83.75 84.00     V   7   5   3  10
84.00 84.75    IV   5   4   3   8
84.75 85.00 viix7/V   6   4   3   9
85.00 85.50   I64   0   1   3   3
85.50 86.00 V7/ii   9   6   3   0
86.00 86.50    IV   5   4   3   8
86.50 87.00 viix7/vi   8   6   3  11
87.00 87.50    vi   9   6   3   0
87.50 87.75     I   0   1   3   3
87.75 88.00     V   7   5   3  10
88.00 88.75    IV   5   4   3   8
88.75 89.00 viix7/V   6   4   3   9
89.00 89.50   I64   0   1   3   3
89.50 90.00 V7/ii   9   6   3   0
90.00 90.50    IV   5   4   3   8
90.50 91.00 V7/vi   4   3   3   7
91.00 92.00    vi   9   6   3   0
92.00 93.00  V7/V   2   2   3   5
93.00 93.50   I64   0   1   3   3
93.50 94.00     V   7   5   3  10
94.00 94.50    IV   5   4   3   8
94.50 95.00    vi   9   6   3   0
95.00 96.00    IV   5   4   3   8
96.00 97.00     I   0   1   3   3
---
