 0.00  1.00     I   0   1   7   7
 1.00  2.00    IV   5   4   7   0
 2.00  3.00     I   0   1   7   7
 3.00  4.00     V   7   5   7   2
 4.00  5.00     I   0   1   7   7
 5.00  6.00    IV   5   4   7   0
 6.00  7.00     I   0   1   7   7
 7.00  8.00     V   7   5   7   2
 8.00  9.00     I   0   1   7   7
 9.00 10.00    IV   5   4   7   0
10.00 11.00     I   0   1   7   7
11.00 12.00     V   7   5   7   2
12.00 13.00     I   0   1   7   7
13.00 14.00    IV   5   4   7   0
14.00 15.00     I   0   1   7   7
15.00 16.00     V   7   5   7   2
16.00 17.00     I   0   1   7   7
17.00 18.00    IV   5   4   7   0
18.00 19.00     I   0   1   7   7
19.00 20.00     V   7   5   7   2
20.00 21.00     I   0   1   7   7
21.00 22.00    IV   5   4   7   0
22.00 23.00     I   0   1   7   7
23.00 24.00     V   7   5   7   2
24.00 25.00    IV   5   4   7   0
25.00 26.00     V   7   5   7   2
26.00 27.00     I   0   1   7   7
27.00 28.00    vi   9   6   7   4
28.00 29.00    IV   5   4   7   0
29.00 30.00     V   7   5   7   2
30.00 31.00     I   0   1   7   7
31.00 32.00     V   7   5   7   2
32.00 33.00     I   0   1   7   7
33.00 34.00    IV   5   4   7   0
34.00 35.00     I   0   1   7   7
35.00 36.00     V   7   5   7   2
36.00 37.00     I   0   1   7   7
37.00 38.00    IV   5   4   7   0
38.00 39.00     I   0   1   7   7
39.00 40.00     V   7   5   7   2
40.00 41.00     I   0   1   7   7
41.00 42.00    IV   5   4   7   0
42.00 43.00     I   0   1   7   7
43.00 44.00     V   7   5   7   2
44.00 45.00     I   0   1   7   7
45.00 46.00    IV   5   4   7   0
46.00 47.00     I   0   1   7   7
47.00 48.00     V   7   5   7   2
48.00 49.00    IV   5   4   7   0
49.00 50.00     V   7   5   7   2
50.00 51.00     I   0   1   7   7
51.00 52.00    vi   9   6   7   4
52.00 53.00    IV   5   4   7   0
53.00 54.00     V   7   5   7   2
54.00 55.00     I   0   1   7   7
55.00 58.00     V   7   5   7   2
58.00 59.00     I   0   1   7   7
59.00 60.00    IV   5   4   7   0
60.00 61.00     I   0   1   7   7
61.00 62.00     V   7   5   7   2
62.00 63.00     I   0   1   7   7
63.00 64.00    IV   5   4   7   0
64.00 65.00     I   0   1   7   7
65.00 66.00     V   7   5   7   2
66.00 71.00     I   0   1   7   7
71.00 72.00    IV   5   4   7   0
72.00 73.00     I   0   1   7   7
73.00 74.00     V   7   5   7   2
74.00 75.00     I   0   1   7   7
75.00 76.00    IV   5   4   7   0
76.00 77.00     I   0   1   7   7
77.00 78.00     V   7   5   7   2
78.00 79.00     I   0   1   7   7
79.00 80.00    IV   5   4   7   0
80.00 81.00     I   0   1   7   7
81.00 82.00     V   7   5   7   2
82.00 83.00     I   0   1   7   7
83.00 84.00    IV   5   4   7   0
84.00 85.00     I   0   1   7   7
85.00 86.00     V   7   5   7   2
86.00 87.00     I   0   1   7   7
87.00 88.00    IV   5   4   7   0
88.00 89.00     I   0   1   7   7
89.00 90.00     V   7   5   7   2
90.00 91.00    IV   5   4   7   0
91.00 92.00     V   7   5   7   2
92.00 93.00     I   0   1   7   7
93.00 94.00    vi   9   6   7   4
94.00 95.00    IV   5   4   7   0
95.00 96.00     V   7   5   7   2
96.00 97.00     I   0   1   7   7
97.00 100.00     V   7   5   7   2
100.00 101.00     I   0   1   7   7
101.00 102.00    IV   5   4   7   0
102.00 103.00     I   0   1   7   7
103.00 104.00     V   7   5   7   2
104.00 105.00     I   0   1   7   7
105.00 106.00    IV   5   4   7   0
106.00 107.00     I   0   1   7   7
107.00 108.00     V   7   5   7   2
108.00 109.00     I   0   1   7   7
109.00 110.00    IV   5   4   7   0
110.00 111.00     I   0   1   7   7
111.00 112.00     V   7   5   7   2
---
