 0.00  6.00     I   0   1  11  11
 6.00  8.00    IV   5   4  11   4
 8.00 10.00 bVIId7  10   7  11   9
10.00 14.00     I   0   1  11  11
14.00 16.00  bVII  10   7  11   9
16.00 18.00    IV   5   4  11   4
18.00 20.00     V   7   5  11   6
20.00 22.00     I   0   1  11  11
22.00 24.00  bVII  10   7  11   9
24.00 26.00    IV   5   4  11   4
26.00 28.00     V   7   5  11   6
28.00 29.00     I   0   1  11  11
29.00 30.00    ii   2   2  11   1
30.00 31.00  bVII  10   7  11   9
31.00 32.00    i7   0   1  11  11
32.00 33.00   bVI   8   6  11   7
33.00 34.00 bvii7  10   7  11   9
34.00 38.00     I   0   1  11  11
38.00 40.00  bVII  10   7  11   9
40.00 42.00    IV   5   4  11   4
42.00 44.00     V   7   5  11   6
44.00 46.00     I   0   1  11  11
46.00 48.00  bVII  10   7  11   9
48.00 50.00    IV   5   4  11   4
50.00 52.00     V   7   5  11   6
52.00 53.00     I   0   1  11  11
53.00 54.00    ii   2   2  11   1
54.00 55.00  bVII  10   7  11   9
55.00 56.00    i7   0   1  11  11
56.00 57.00   bVI   8   6  11   7
57.00 58.00 bvii7  10   7  11   9
58.00 61.00     I   0   1  11  11
61.00 62.00     V   7   5  11   6
62.00 64.00     I   0   1  11  11
64.00 66.00   ii7   2   2  11   1
66.00 68.00     I   0   1  11  11
68.00 70.00   ii7   2   2  11   1
70.00 72.00     I   0   1  11  11
72.00 74.00   ii7   2   2  11   1
---
