 0.00  4.00     V   7   5   1   8
 4.00  4.50     i   0   1   1   1
 4.50  5.00  bVII  10   7   1  11
 5.00  5.50   bVI   8   6   1   9
 5.50  6.00  bVII  10   7   1  11
 6.00  7.50     V   7   5   1   8
 7.50  8.00   bVI   8   6   1   9
 8.00  8.50  bIII   3   3   1   4
 8.50  9.00     V   7   5   1   8
 9.00  9.50     i   0   1   1   1
 9.50 10.00   bVI   8   6   1   9
10.00 12.00     V   7   5   1   8
12.00 12.50     i   0   1   1   1
12.50 13.00  bVII  10   7   1  11
13.00 13.50   bVI   8   6   1   9
13.50 14.00  bVII  10   7   1  11
14.00 16.00     V   7   5   1   8
16.00 16.50     i   0   1   1   1
16.50 17.00  bVII  10   7   1  11
17.00 17.50   bVI   8   6   1   9
17.50 18.00  bVII  10   7   1  11
18.00 20.00     V   7   5   1   8
20.00 20.50     i   0   1   1   1
20.50 21.00  bVII  10   7   1  11
21.00 21.50   bVI   8   6   1   9
21.50 22.00  bVII  10   7   1  11
22.00 23.50     V   7   5   1   8
23.50 24.00   bVI   8   6   1   9
24.00 24.50  bIII   3   3   1   4
24.50 25.00     V   7   5   1   8
25.00 25.50     i   0   1   1   1
25.50 26.00   bVI   8   6   1   9
26.00 28.00     V   7   5   1   8
28.00 28.50     i   0   1   1   1
28.50 29.00  bVII  10   7   1  11
29.00 29.50   bVI   8   6   1   9
29.50 30.00  bVII  10   7   1  11
30.00 32.00     V   7   5   1   8
32.00 32.50     i   0   1   1   1
32.50 33.00  bVII  10   7   1  11
33.00 33.50   bVI   8   6   1   9
33.50 34.00  bVII  10   7   1  11
34.00 36.00     V   7   5   1   8
36.00 39.50     i   0   1   1   1
39.50 40.00   bVI   8   6   1   9
40.00 40.50  bIII   3   3   1   4
40.50 41.00     V   7   5   1   8
41.00 41.50     i   0   1   1   1
41.50 42.00   bVI   8   6   1   9
42.00 44.00     V   7   5   1   8
44.00 44.50     i   0   1   1   1
44.50 45.00  bVII  10   7   1  11
45.00 45.50   bVI   8   6   1   9
45.50 46.00  bVII  10   7   1  11
46.00 48.00     V   7   5   1   8
48.00 48.50     i   0   1   1   1
48.50 49.00  bVII  10   7   1  11
49.00 49.50   bVI   8   6   1   9
49.50 50.00  bVII  10   7   1  11
50.00 52.00     V   7   5   1   8
52.00 52.50     i   0   1   1   1
52.50 53.00  bVII  10   7   1  11
53.00 53.50   bVI   8   6   1   9
53.50 54.00  bVII  10   7   1  11
54.00 55.50     V   7   5   1   8
55.50 56.00   bVI   8   6   1   9
56.00 56.50  bIII   3   3   1   4
56.50 57.00     V   7   5   1   8
57.00 57.50     i   0   1   1   1
57.50 58.00   bVI   8   6   1   9
58.00 60.00     V   7   5   1   8
60.00 60.50     i   0   1   1   1
60.50 61.00  bVII  10   7   1  11
61.00 61.50   bVI   8   6   1   9
61.50 62.00  bVII  10   7   1  11
62.00 64.00     V   7   5   1   8
64.00 64.50     i   0   1   1   1
64.50 65.00  bVII  10   7   1  11
65.00 65.50   bVI   8   6   1   9
65.50 66.00  bVII  10   7   1  11
66.00 66.50     i   0   1   1   1
66.50 67.00  bVII  10   7   1  11
67.00 67.50   bVI   8   6   1   9
67.50 68.00  bVII  10   7   1  11
68.00 68.50     i   0   1   1   1
68.50 69.00  bVII  10   7   1  11
69.00 69.50   bVI   8   6   1   9
69.50 70.00  bVII  10   7   1  11
70.00 72.00   bVI   8   6   1   9
72.00 73.00     i   0   1   1   1
---
