 0.00  0.50     I   0   1   7   7
 0.50  1.00     V   7   5   7   2
 1.00  1.50     I   0   1   7   7
 1.50  2.00     V   7   5   7   2
 2.00  2.50     I   0   1   7   7
 2.50  3.00     V   7   5   7   2
 3.00  4.50     I   0   1   7   7
 4.50  5.00     V   7   5   7   2
 5.00  5.50     I   0   1   7   7
 5.50  6.00     V   7   5   7   2
 6.00  6.50     I   0   1   7   7
 6.50  7.00     V   7   5   7   2
 7.00  7.50     I   0   1   7   7
 7.50  8.00     V   7   5   7   2
 8.00  8.50     I   0   1   7   7
 8.50  9.00     V   7   5   7   2
 9.00  9.50     I   0   1   7   7
 9.50 10.00     V   7   5   7   2
10.00 10.50     I   0   1   7   7
10.50 11.00     V   7   5   7   2
11.00 11.50     I   0   1   7   7
11.50 12.00     V   7   5   7   2
12.00 14.00    vi   9   6   7   4
14.00 15.00    IV   5   4   7   0
15.00 16.00     V   7   5   7   2
16.00 16.50     I   0   1   7   7
16.50 17.00     V   7   5   7   2
17.00 17.50     I   0   1   7   7
17.50 18.00     V   7   5   7   2
18.00 18.50     I   0   1   7   7
18.50 19.00     V   7   5   7   2
19.00 20.50     I   0   1   7   7
20.50 21.00    IV   5   4   7   0
21.00 21.50     I   0   1   7   7
21.50 22.00    IV   5   4   7   0
22.00 22.50     I   0   1   7   7
22.50 23.00    IV   5   4   7   0
23.00 23.50     I   0   1   7   7
23.50 24.50    IV   5   4   7   0
24.50 25.50    vi   9   6   7   4
25.50 26.00     V   7   5   7   2
26.00 26.50     I   0   1   7   7
26.50 27.00    IV   5   4   7   0
27.00 28.50     I   0   1   7   7
28.50 29.00     V   7   5   7   2
29.00 29.50     I   0   1   7   7
29.50 30.00     V   7   5   7   2
30.00 30.50     I   0   1   7   7
30.50 31.00     V   7   5   7   2
31.00 31.50     I   0   1   7   7
31.50 32.00     V   7   5   7   2
32.00 32.50     I   0   1   7   7
32.50 33.00     V   7   5   7   2
33.00 33.50     I   0   1   7   7
33.50 34.00     V   7   5   7   2
34.00 34.50     I   0   1   7   7
34.50 35.00     V   7   5   7   2
35.00 35.50     I   0   1   7   7
35.50 36.00     V   7   5   7   2
36.00 38.00    vi   9   6   7   4
38.00 39.00    IV   5   4   7   0
39.00 40.00     V   7   5   7   2
40.00 40.50     I   0   1   7   7
40.50 41.00     V   7   5   7   2
41.00 41.50     I   0   1   7   7
41.50 42.00     V   7   5   7   2
42.00 42.50     I   0   1   7   7
42.50 43.00     V   7   5   7   2
43.00 44.50     I   0   1   7   7
44.50 45.00    IV   5   4   7   0
45.00 45.50     I   0   1   7   7
45.50 46.00    IV   5   4   7   0
46.00 46.50     I   0   1   7   7
46.50 47.00    IV   5   4   7   0
47.00 47.50     I   0   1   7   7
47.50 48.50    IV   5   4   7   0
48.50 49.50    vi   9   6   7   4
49.50 50.00     V   7   5   7   2
50.00 50.50     I   0   1   7   7
50.50 51.00    IV   5   4   7   0
51.00 52.50     I   0   1   7   7
52.50 53.00     V   7   5   7   2
53.00 53.50     I   0   1   7   7
53.50 54.00     V   7   5   7   2
54.00 54.50     I   0   1   7   7
54.50 55.00     V   7   5   7   2
55.00 55.50     I   0   1   7   7
55.50 56.00     V   7   5   7   2
56.00 56.50     I   0   1   7   7
56.50 57.00     V   7   5   7   2
57.00 57.50     I   0   1   7   7
57.50 58.00     V   7   5   7   2
58.00 58.50     I   0   1   7   7
58.50 59.00     V   7   5   7   2
59.00 59.50     I   0   1   7   7
59.50 60.00     V   7   5   7   2
60.00 62.00    vi   9   6   7   4
62.00 63.00    IV   5   4   7   0
63.00 64.00     V   7   5   7   2
64.00 64.50     I   0   1   7   7
64.50 65.00     V   7   5   7   2
65.00 65.50     I   0   1   7   7
65.50 66.00     V   7   5   7   2
66.00 66.50     I   0   1   7   7
66.50 67.00     V   7   5   7   2
67.00 67.50     I   0   1   7   7
67.50 68.00     V   7   5   7   2
68.00 68.50     I   0   1   7   7
68.50 69.00     V   7   5   7   2
69.00 69.50     I   0   1   7   7
69.50 70.00     V   7   5   7   2
---
