 0.00  1.00     I   0   1   0   0
 1.00  2.00   bII   1   2   0   1
 2.00  3.00    ii   2   2   0   2
 3.00  4.00 bIIId7   3   3   0   3
 4.00  5.00    IV   5   4   0   5
 5.00  6.00    II   2   2   0   2
 6.00  7.00    IV   5   4   0   5
 7.00  8.00    II   2   2   0   2
 8.00  9.00    IV   5   4   0   5
 9.00 10.00     I   0   1   0   0
10.00 11.00   iii   4   3   0   4
11.00 12.00    IV   5   4   0   5
12.00 12.50     V   7   5   0   7
12.50 13.00    IV   5   4   0   5
13.00 14.00     I   0   1   0   0
14.00 15.00   iii   4   3   0   4
15.00 16.00    IV   5   4   0   5
16.00 17.00     V   7   5   0   7
17.00 17.50     I   0   1   0   0
17.50 18.00    ii   2   2   0   2
18.00 18.50   iii   4   3   0   4
18.50 19.00  biii   3   3   0   3
19.00 20.00    ii   2   2   0   2
20.00 21.00     V   7   5   0   7
21.00 21.50     I   0   1   0   0
21.50 22.00    ii   2   2   0   2
22.00 22.50   iii   4   3   0   4
22.50 23.00  biii   3   3   0   3
23.00 24.00    ii   2   2   0   2
24.00 24.50     V   7   5   0   7
24.50 25.00    IV   5   4   0   5
25.00 25.50     I   0   1   0   0
25.50 26.00  iii6   4   3   0   4
26.00 26.50    vi   9   6   0   9
26.50 27.00   I64   0   1   0   0
27.00 28.00    IV   5   4   0   5
28.00 29.00    II   2   2   0   2
29.00 29.50     V   7   5   0   7
29.50 30.00    IV   5   4   0   5
30.00 30.50     I   0   1   0   0
30.50 31.00  iii6   4   3   0   4
31.00 31.50    vi   9   6   0   9
31.50 32.00   I64   0   1   0   0
32.00 33.00    IV   5   4   0   5
33.00 34.00    II   2   2   0   2
34.00 34.33    vi   9   6   0   9
34.33 34.67     V   7   5   0   7
34.67 35.00  bVII  10   7   0  10
35.00 36.00    IV   5   4   0   5
36.00 36.33   III   4   3   0   4
36.33 37.00    II   2   2   0   2
37.00 39.00     I   0   1   0   0
39.00 40.00    II   2   2   0   2
40.00 41.00    IV   5   4   0   5
41.00 42.00    II   2   2   0   2
42.00 43.00    IV   5   4   0   5
43.00 44.00     I   0   1   0   0
44.00 45.00   iii   4   3   0   4
45.00 46.00    IV   5   4   0   5
46.00 46.50     V   7   5   0   7
46.50 47.00    IV   5   4   0   5
47.00 48.00     I   0   1   0   0
48.00 49.00   iii   4   3   0   4
49.00 50.00    IV   5   4   0   5
50.00 51.00     V   7   5   0   7
51.00 51.50     I   0   1   0   0
51.50 52.00    ii   2   2   0   2
52.00 52.50   iii   4   3   0   4
52.50 53.00  biii   3   3   0   3
53.00 54.00    ii   2   2   0   2
54.00 55.00     V   7   5   0   7
55.00 55.50     I   0   1   0   0
55.50 56.00    ii   2   2   0   2
56.00 56.50   iii   4   3   0   4
56.50 57.00  biii   3   3   0   3
57.00 58.00    ii   2   2   0   2
58.00 58.50     V   7   5   0   7
58.50 59.00    IV   5   4   0   5
59.00 59.50     I   0   1   0   0
59.50 60.00  iii6   4   3   0   4
60.00 60.50    vi   9   6   0   9
60.50 61.00   I64   0   1   0   0
61.00 62.00    IV   5   4   0   5
62.00 63.00    II   2   2   0   2
63.00 63.50     V   7   5   0   7
63.50 64.00    IV   5   4   0   5
64.00 64.50     I   0   1   0   0
64.50 65.00  iii6   4   3   0   4
65.00 65.50    vi   9   6   0   9
65.50 66.00   I64   0   1   0   0
66.00 67.00    IV   5   4   0   5
67.00 68.00    II   2   2   0   2
68.00 68.33    vi   9   6   0   9
68.33 68.67     V   7   5   0   7
68.67 69.00  bVII  10   7   0  10
69.00 70.00    IV   5   4   0   5
70.00 70.33   III   4   3   0   4
70.33 71.00    II   2   2   0   2
71.00 72.00     I   0   1   0   0
72.00 74.00    IV   5   4   0   5
74.00 76.00     I   0   1   0   0
76.00 78.00    IV   5   4   0   5
78.00 79.50     V   7   5   0   7
79.50 80.00    IV   5   4   0   5
80.00 80.50     I   0   1   0   0
80.50 81.00  iii6   4   3   0   4
81.00 81.50    vi   9   6   0   9
81.50 82.00   I64   0   1   0   0
82.00 83.00    IV   5   4   0   5
83.00 84.00    II   2   2   0   2
84.00 84.50     V   7   5   0   7
84.50 85.00    IV   5   4   0   5
85.00 85.50     I   0   1   0   0
85.50 86.00  iii6   4   3   0   4
86.00 86.50    vi   9   6   0   9
86.50 87.00   I64   0   1   0   0
87.00 88.00    IV   5   4   0   5
88.00 89.00    II   2   2   0   2
89.00 89.33    vi   9   6   0   9
89.33 89.67     V   7   5   0   7
89.67 90.00  bVII  10   7   0  10
90.00 91.00    IV   5   4   0   5
91.00 91.33   III   4   3   0   4
91.33 92.00    II   2   2   0   2
92.00 93.00     I   0   1   0   0
93.00 93.33    vi   9   6   0   9
93.33 93.67     V   7   5   0   7
93.67 94.00  bVII  10   7   0  10
94.00 95.00    IV   5   4   0   5
95.00 95.33   III   4   3   0   4
95.33 96.00    II   2   2   0   2
96.00 97.00     I   0   1   0   0
97.00 98.00    ii   2   2   0   2
98.00 99.00   iii   4   3   0   4
99.00 100.00 bIIId7   3   3   0   3
100.00 101.00    ii   2   2   0   2
101.00 102.00   bII   1   2   0   1
102.00 103.00     I   0   1   0   0
---
