 0.00  1.00     i   0   1   4   4
 1.00  2.00  bVII  10   7   4   2
 2.00  3.00     i   0   1   4   4
 3.00  4.00  bVII  10   7   4   2
 4.00  5.00     i   0   1   4   4
 5.00  6.00  bVII  10   7   4   2
 6.00  7.00     i   0   1   4   4
 7.00  8.00  bVII  10   7   4   2
 8.00  9.00     i   0   1   4   4
 9.00 10.00  bVII  10   7   4   2
10.00 11.00     i   0   1   4   4
11.00 12.00  bVII  10   7   4   2
12.00 13.00     i   0   1   4   4
13.00 14.00  bVII  10   7   4   2
14.00 15.00     i   0   1   4   4
15.00 16.00  bVII  10   7   4   2
16.00 17.00     i   0   1   4   4
17.00 18.00  bVII  10   7   4   2
18.00 19.00     i   0   1   4   4
19.00 20.00  bVII  10   7   4   2
20.00 21.00     i   0   1   4   4
21.00 22.00  bVII  10   7   4   2
22.00 23.00     i   0   1   4   4
23.00 24.00  bVII  10   7   4   2
24.00 25.00     i   0   1   4   4
25.00 26.00  bIII   3   3   4   7
26.00 27.00     i   0   1   4   4
27.00 28.00  bIII   3   3   4   7
28.00 29.00     i   0   1   4   4
29.00 30.00  bIII   3   3   4   7
30.00 31.00     i   0   1   4   4
31.00 32.00  bIII   3   3   4   7
32.00 33.00     i   0   1   4   4
33.00 34.00  bVII  10   7   4   2
34.00 35.00     i   0   1   4   4
35.00 36.00  bVII  10   7   4   2
36.00 37.00     i   0   1   4   4
37.00 38.00  bVII  10   7   4   2
38.00 39.00     i   0   1   4   4
39.00 40.00  bVII  10   7   4   2
40.00 41.00     i   0   1   4   4
41.00 42.00  bIII   3   3   4   7
42.00 43.00     i   0   1   4   4
43.00 44.00  bIII   3   3   4   7
44.00 45.00     i   0   1   4   4
45.00 46.00  bIII   3   3   4   7
46.00 47.00     i   0   1   4   4
47.00 48.00  bIII   3   3   4   7
48.00 49.00    iv   5   4   4   9
49.00 50.00   bVI   8   6   4   0
50.00 51.00    iv   5   4   4   9
51.00 52.00   bVI   8   6   4   0
52.00 53.00    iv   5   4   4   9
53.00 54.00   bVI   8   6   4   0
54.00 55.00    iv   5   4   4   9
55.00 56.00   bVI   8   6   4   0
56.00 57.00     i   0   1   4   4
57.00 58.00  bVII  10   7   4   2
58.00 59.00     i   0   1   4   4
59.00 60.00  bVII  10   7   4   2
60.00 61.00     i   0   1   4   4
61.00 62.00  bVII  10   7   4   2
62.00 63.00     i   0   1   4   4
63.00 64.00  bVII  10   7   4   2
64.00 65.00     i   0   1   4   4
65.00 66.00  bVII  10   7   4   2
66.00 67.00     i   0   1   4   4
67.00 68.00  bVII  10   7   4   2
68.00 69.00     i   0   1   4   4
69.00 70.00  bVII  10   7   4   2
70.00 71.00     i   0   1   4   4
71.00 72.00  bVII  10   7   4   2
72.00 73.00     i   0   1   4   4
73.00 74.00  bVII  10   7   4   2
74.00 75.00     i   0   1   4   4
75.00 76.00  bVII  10   7   4   2
76.00 77.00     i   0   1   4   4
77.00 78.00  bIII   3   3   4   7
78.00 79.00     i   0   1   4   4
79.00 80.00  bIII   3   3   4   7
80.00 81.00     i   0   1   4   4
81.00 82.00  bIII   3   3   4   7
82.00 83.00     i   0   1   4   4
83.00 84.00  bIII   3   3   4   7
84.00 85.00    iv   5   4   4   9
85.00 86.00   bVI   8   6   4   0
86.00 87.00    iv   5   4   4   9
87.00 88.00   bVI   8   6   4   0
88.00 89.00    iv   5   4   4   9
89.00 90.00   bVI   8   6   4   0
90.00 91.00    iv   5   4   4   9
91.00 92.00   bVI   8   6   4   0
92.00 93.00    iv   5   4   4   9
93.00 94.00   bVI   8   6   4   0
94.00 95.00    iv   5   4   4   9
95.00 96.00   bVI   8   6   4   0
96.00 97.00     i   0   1   4   4
97.00 98.00  bVII  10   7   4   2
98.00 99.00     i   0   1   4   4
99.00 100.00  bVII  10   7   4   2
100.00 101.00     i   0   1   4   4
101.00 102.00  bVII  10   7   4   2
102.00 103.00     i   0   1   4   4
103.00 104.00  bVII  10   7   4   2
104.00 105.00     i   0   1   4   4
---
