 0.00  1.00     I   0   1  10  10
 1.00  2.50    IV   5   4  10   3
 2.50  3.00   iii   4   3  10   2
 3.00  3.50    ii   2   2  10   0
 3.50  4.00     V   7   5  10   5
 4.00  4.75     I   0   1  10  10
 4.75  5.00 iv6/ii   7   5  10   5
 5.00  6.00 V7/ii   9   6  10   7
 6.00  8.00    ii   2   2  10   0
 8.00  9.50     V   7   5  10   5
 9.50 10.00 viix42/V   6   4  10   4
10.00 10.50     I   0   1  10  10
10.50 11.00 viio/ii   1   2  10  11
11.00 11.50    ii   2   2  10   0
11.50 12.00     V   7   5  10   5
12.00 12.75     I   0   1  10  10
12.75 13.00 iv6/ii   7   5  10   5
13.00 14.00 V7/ii   9   6  10   7
14.00 16.00    ii   2   2  10   0
16.00 18.00     V   7   5  10   5
18.00 18.50     I   0   1  10  10
18.50 19.00   ii7   2   2  10   0
19.00 19.50 viix42/V   6   4  10   4
19.50 20.00 V65/IV   0   1  10  10
20.00 21.50    IV   5   4  10   3
21.50 22.00 viix7/V   6   4  10   4
22.00 24.00     I   0   1  10  10
24.00 26.00  V7/V   2   2  10   0
26.00 28.00    V7   7   5  10   5
28.00 28.75     I   0   1  10  10
28.75 29.00 iv6/ii   7   5  10   5
29.00 30.00 V7/ii   9   6  10   7
30.00 32.00    ii   2   2  10   0
32.00 32.50    IV   5   4  10   3
32.50 33.00   iii   4   3  10   2
33.00 33.50    ii   2   2  10   0
33.50 34.00 viix7/ii   1   2  10  11
34.00 34.50    ii   2   2  10   0
34.50 35.00     V   7   5  10   5
35.00 35.50     I   0   1  10  10
35.50 36.00    V7   7   5  11   6
36.00 36.75     I   0   1  11  11
36.75 37.00 iv6/ii   7   5  11   6
37.00 38.00 V7/ii   9   6  11   8
38.00 40.00    ii   2   2  11   1
40.00 40.50    IV   5   4  11   4
40.50 41.00   iii   4   3  11   3
41.00 41.50    ii   2   2  11   1
41.50 42.00 viix7/ii   1   2  11   0
42.00 42.50    ii   2   2  11   1
42.50 43.00     V   7   5  11   6
43.00 44.00     I   0   1  11  11
44.00 45.00   IV7   5   4  11   4
45.00 46.00     I   0   1  11  11
---
