 0.00  8.00     I   0   1   2   2
 8.00  9.00    IV   5   4   2   7
 9.00 10.00 iih65   2   2   2   4
10.00 11.00     I   0   1   2   2
11.00 13.00    V7   7   5   2   9
13.00 14.00     I   0   1   2   2
14.00 15.00   iii   4   3   2   6
15.00 16.00     I   0   1   2   2
16.00 17.00   iii   4   3   2   6
17.00 18.00    IV   5   4   2   7
18.00 19.00    V7   7   5   2   9
19.00 20.00    IV   5   4   2   7
20.00 21.00    V7   7   5   2   9
21.00 23.00     I   0   1   2   2
23.00 24.00    IV   5   4   2   7
24.00 25.00 iih65   2   2   2   4
25.00 27.00     I   0   1   2   2
27.00 29.00    V7   7   5   2   9
29.00 37.00     I   0   1   2   2
37.00 38.00    IV   5   4   2   7
38.00 39.00 iih65   2   2   2   4
39.00 41.00     I   0   1   2   2
41.00 43.00    V7   7   5   2   9
43.00 44.00     I   0   1   2   2
44.00 45.00   iii   4   3   2   6
45.00 46.00     I   0   1   2   2
46.00 47.00   iii   4   3   2   6
47.00 48.00    IV   5   4   2   7
48.00 49.00    V7   7   5   2   9
49.00 50.00    IV   5   4   2   7
50.00 51.00    V7   7   5   2   9
51.00 53.00     I   0   1   2   2
53.00 54.00    IV   5   4   2   7
54.00 55.00 iih65   2   2   2   4
55.00 58.00     I   0   1   2   2
58.00 59.00    vi   9   6   2  11
59.00 60.00    IV   5   4   2   7
60.00 61.00    V7   7   5   2   9
61.00 61.50     I   0   1   2   2
61.50 62.00    V7   7   5   2   9
62.00 62.50     I   0   1   2   2
62.50 63.00    IV   5   4   2   7
63.00 65.00     I   0   1   2   2
---
