 0.00  5.00     I   0   1   3   3
 5.00  6.00    IV   5   4   3   8
 6.00  7.00     V   7   5   3  10
 7.00  9.00     I   0   1   3   3
 9.00 10.00    IV   5   4   3   8
10.00 11.00     V   7   5   3  10
11.00 13.00     I   0   1   3   3
13.00 14.00    IV   5   4   3   8
14.00 15.00     I   0   1   3   3
15.00 16.00     V   7   5   3  10
16.00 17.00     I   0   1   3   3
17.00 18.00    IV   5   4   3   8
18.00 19.00     V   7   5   3  10
19.00 23.00     I   0   1   3   3
23.00 24.00    IV   5   4   3   8
24.00 25.00     V   7   5   3  10
25.00 27.00     I   0   1   3   3
27.00 28.00    IV   5   4   3   8
28.00 29.00     V   7   5   3  10
29.00 31.00     I   0   1   3   3
31.00 32.00    IV   5   4   3   8
32.00 33.00     I   0   1   3   3
33.00 34.00     V   7   5   3  10
34.00 35.00     I   0   1   3   3
35.00 36.00    IV   5   4   3   8
36.00 37.00     V   7   5   3  10
37.00 41.00     I   0   1   3   3
41.00 42.00    IV   5   4   3   8
42.00 43.00     V   7   5   3  10
43.00 45.00     I   0   1   3   3
45.00 46.00    IV   5   4   3   8
46.00 47.00     V   7   5   3  10
47.00 49.00     I   0   1   3   3
49.00 50.00    IV   5   4   3   8
50.00 51.00     V   7   5   3  10
51.00 53.00     I   0   1   3   3
53.00 54.00    IV   5   4   3   8
54.00 55.00     V   7   5   3  10
55.00 57.00     I   0   1   3   3
57.00 58.00    IV   5   4   3   8
58.00 59.00     I   0   1   3   3
59.00 60.00     V   7   5   3  10
60.00 61.00     I   0   1   3   3
61.00 62.00    IV   5   4   3   8
62.00 63.00     V   7   5   3  10
63.00 67.00     I   0   1   3   3
67.00 68.00    IV   5   4   3   8
68.00 69.00     V   7   5   3  10
69.00 71.00     I   0   1   3   3
71.00 72.00    IV   5   4   3   8
72.00 73.00     V   7   5   3  10
73.00 75.00     I   0   1   3   3
75.00 76.00    IV   5   4   3   8
76.00 77.00     V   7   5   3  10
77.00 79.00     I   0   1   3   3
79.00 80.00    IV   5   4   3   8
80.00 81.00     V   7   5   3  10
81.00 82.00     I   0   1   3   3
---
