 0.00  1.00     I   0   1   9   9
 1.00  2.00  IV64   5   4   9   2
 2.00  3.00     I   0   1   9   9
 3.00  4.00  IV64   5   4   9   2
 4.00  5.00     I   0   1   9   9
 5.00  6.00  IV64   5   4   9   2
 6.00  6.75     I   0   1   9   9
 6.75  7.00    V6   7   5   9   4
 7.00  7.50   IV6   5   4   9   2
 7.50  8.00   I64   0   1   9   9
 8.00  9.00     V   7   5   9   4
 9.00 10.00  V/vi   4   3   9   1
10.00 11.00    vi   9   6   9   6
11.00 12.00 V65/V   2   2   9  11
12.00 13.00    IV   5   4   9   2
13.00 14.00   ii7   2   2   9  11
14.00 15.00     I   0   1   9   9
15.00 16.00  IV64   5   4   9   2
16.00 16.50     I   0   1   9   9
16.50 17.00  IV64   5   4   9   2
17.00 17.50     I   0   1   9   9
17.50 18.00  IV64   5   4   9   2
18.00 19.00     I   0   1   9   9
19.00 20.00  IV64   5   4   9   2
20.00 21.00     I   0   1   9   9
21.00 22.00    vi   9   6   9   6
22.00 22.50    V7   7   5   9   4
22.50 23.00   I64   0   1   9   9
23.00 23.50    V7   7   5   9   4
23.50 24.00   I64   0   1   9   9
24.00 24.50     V   7   5   9   4
24.50 26.00    vi   9   6   9   6
26.00 27.00     I   0   1   9   9
27.00 28.00  IV64   5   4   9   2
28.00 29.00     I   0   1   9   9
29.00 30.00    vi   9   6   9   6
30.00 30.50    V7   7   5   9   4
30.50 31.00   I64   0   1   9   9
31.00 31.50    V7   7   5   9   4
31.50 32.00   I64   0   1   9   9
32.00 32.50     V   7   5   9   4
32.50 34.00    vi   9   6   9   6
34.00 35.00    ii   2   2   9  11
35.00 36.00     V   7   5   9   4
36.00 37.00     I   0   1   9   9
37.00 38.00  IV64   5   4   9   2
38.00 39.00     I   0   1   9   9
39.00 40.00  IV64   5   4   9   2
40.00 41.00     I   0   1   9   9
41.00 42.00  IV64   5   4   9   2
42.00 42.75     I   0   1   9   9
42.75 43.00    V6   7   5   9   4
43.00 43.50   IV6   5   4   9   2
43.50 44.00   I64   0   1   9   9
44.00 45.00     V   7   5   9   4
45.00 46.00  V/vi   4   3   9   1
46.00 47.00    vi   9   6   9   6
47.00 48.00 V65/V   2   2   9  11
48.00 49.00    IV   5   4   9   2
49.00 50.00   ii7   2   2   9  11
50.00 51.00     I   0   1   9   9
51.00 52.00  IV64   5   4   9   2
52.00 53.00     I   0   1   9   9
53.00 54.00  IV64   5   4   9   2
54.00 54.50     I   0   1   9   9
54.50 55.00  IV64   5   4   9   2
55.00 55.50     I   0   1   9   9
55.50 56.00  IV64   5   4   9   2
56.00 57.00     I   0   1   9   9
57.00 58.00  IV64   5   4   9   2
58.00 59.00     I   0   1   9   9
59.00 60.00    vi   9   6   9   6
60.00 60.50    V7   7   5   9   4
60.50 61.00   I64   0   1   9   9
61.00 61.50    V7   7   5   9   4
61.50 62.00   I64   0   1   9   9
62.00 62.50     V   7   5   9   4
62.50 64.00    vi   9   6   9   6
64.00 65.00    ii   2   2   9  11
65.00 66.00     V   7   5   9   4
66.00 67.00     I   0   1   9   9
67.00 68.00  IV64   5   4   9   2
68.00 69.00     I   0   1   9   9
69.00 70.00  IV64   5   4   9   2
70.00 71.00     I   0   1   9   9
71.00 72.00  IV64   5   4   9   2
72.00 72.75     I   0   1   9   9
72.75 73.00    V6   7   5   9   4
73.00 73.50   IV6   5   4   9   2
73.50 74.00   I64   0   1   9   9
74.00 75.00     V   7   5   9   4
75.00 76.00  V/vi   4   3   9   1
76.00 77.00    vi   9   6   9   6
77.00 78.00 V65/V   2   2   9  11
78.00 79.00    IV   5   4   9   2
79.00 80.00   ii7   2   2   9  11
80.00 81.00     I   0   1   9   9
81.00 82.00  IV64   5   4   9   2
82.00 83.00     I   0   1   9   9
83.00 84.00  IV64   5   4   9   2
84.00 85.00     I   0   1   9   9
85.00 86.00  IV64   5   4   9   2
86.00 87.00     I   0   1   9   9
87.00 88.00  IV64   5   4   9   2
88.00 89.00     I   0   1   9   9
89.00 90.00  IV64   5   4   9   2
90.00 91.00     I   0   1   9   9
91.00 92.00  IV64   5   4   9   2
92.00 93.00     I   0   1   9   9
93.00 94.00  IV64   5   4   9   2
---
