 0.00 18.00     I   0   1   4   4
18.00 22.00    IV   5   4   4   9
22.00 26.00     I   0   1   4   4
26.00 28.00  V/vi   4   3   4   8
28.00 30.00    vi   9   6   4   1
30.00 32.00    ii   2   2   4   6
32.00 34.00     V   7   5   4  11
34.00 52.00     I   0   1   4   4
52.00 56.00    IV   5   4   4   9
56.00 60.00     I   0   1   4   4
60.00 62.00  V/vi   4   3   4   8
62.00 64.00    vi   9   6   4   1
64.00 66.00    ii   2   2   4   6
66.00 68.00     V   7   5   4  11
68.00 80.00     I   0   1   4   4
---
