 0.00  5.00     I   0   1   7   7
 5.00  6.00   III   4   3   7  11
 6.00  7.00    IV   5   4   7   0
 7.00  8.00    II   2   2   7   9
 8.00  9.00     I   0   1   7   7
 9.00 10.00   III   4   3   7  11
10.00 11.00    IV   5   4   7   0
11.00 12.00    II   2   2   7   9
12.00 13.00     I   0   1   7   7
13.00 14.00    vi   9   6   7   4
14.00 15.00     I   0   1   7   7
15.00 16.00    vi   9   6   7   4
16.00 17.00     I   0   1   7   7
17.00 18.00    II   2   2   7   9
18.00 19.00     I   0   1   7   7
19.00 20.00    VI   9   6   7   4
20.00 21.00     I   0   1   7   7
21.00 22.00   III   4   3   7  11
22.00 23.00    IV   5   4   7   0
23.00 24.00    II   2   2   7   9
24.00 25.00     I   0   1   7   7
25.00 26.00   III   4   3   7  11
26.00 27.00    IV   5   4   7   0
27.00 28.00    II   2   2   7   9
28.00 29.00     I   0   1   7   7
29.00 30.00    vi   9   6   7   4
30.00 31.00     I   0   1   7   7
31.00 32.00    vi   9   6   7   4
32.00 33.00     I   0   1   7   7
33.00 34.00    II   2   2   7   9
34.00 35.00     I   0   1   7   7
35.00 36.00    VI   9   6   7   4
36.00 36.50     I   0   1   7   7
36.50 37.00     V   7   5   7   2
37.00 38.00    IV   5   4   7   0
38.00 38.50     I   0   1   7   7
38.50 39.00     V   7   5   7   2
39.00 40.00    IV   5   4   7   0
40.00 40.50     I   0   1   7   7
40.50 41.00     V   7   5   7   2
41.00 41.50    IV   5   4   7   0
41.50 42.00     I   0   1   7   7
42.00 43.00  bVII  10   7   7   5
43.00 44.00     V   7   5   7   2
44.00 45.00     I   0   1   7   7
45.00 46.00   III   4   3   7  11
46.00 47.00    IV   5   4   7   0
47.00 48.00    II   2   2   7   9
48.00 49.00     I   0   1   7   7
49.00 50.00   III   4   3   7  11
50.00 51.00    IV   5   4   7   0
51.00 52.00    II   2   2   7   9
52.00 53.00     I   0   1   7   7
53.00 54.00    vi   9   6   7   4
54.00 55.00     I   0   1   7   7
55.00 56.00    vi   9   6   7   4
56.00 57.00     I   0   1   7   7
57.00 58.00    II   2   2   7   9
58.00 59.00     I   0   1   7   7
59.00 60.00    VI   9   6   7   4
60.00 63.00     I   0   1   7   7
63.00 64.00    vi   9   6   7   4
---
