 1.00  3.00     I   0   1   4   4
 3.00  4.00    IV   5   4   4   9
 4.00  5.00     V   7   5   4  11
 5.00  7.00     I   0   1   4   4
 7.00  8.00    IV   5   4   4   9
 8.00  9.00     V   7   5   4  11
 9.00 11.00     I   0   1   4   4
11.00 12.00    IV   5   4   4   9
12.00 13.00     V   7   5   4  11
13.00 15.00     I   0   1   4   4
15.00 16.00    IV   5   4   4   9
16.00 17.00     V   7   5   4  11
17.00 18.00    ii   2   2   4   6
18.00 19.00     V   7   5   4  11
19.00 20.00    ii   2   2   6   8
20.00 21.00     V   7   5   6   1
21.00 23.00     I   0   1   6   6
23.00 24.00   ii7   2   2   6   8
24.00 25.00     V   7   5   6   1
25.00 27.00     I   0   1   6   6
27.00 28.00   ii7   2   2   6   8
28.00 29.00     V   7   5   6   1
29.00 30.00    V7   7   5   4  11
30.00 32.00     I   0   1   4   4
32.00 33.00    IV   5   4   4   9
33.00 34.00     V   7   5   4  11
34.00 36.00     I   0   1   4   4
36.00 37.00    IV   5   4   4   9
37.00 38.00     V   7   5   4  11
38.00 39.00    ii   2   2   4   6
39.00 40.00     V   7   5   4  11
40.00 41.00    ii   2   2   6   8
41.00 42.00     V   7   5   6   1
42.00 44.00     I   0   1   6   6
44.00 45.00   ii7   2   2   6   8
45.00 46.00     V   7   5   6   1
46.00 48.00     I   0   1   6   6
48.00 49.00   ii7   2   2   6   8
49.00 50.00     V   7   5   6   1
50.00 51.00    V7   7   5   4  11
51.00 53.00     I   0   1   4   4
53.00 54.00    IV   5   4   4   9
54.00 55.00     V   7   5   4  11
55.00 57.00     I   0   1   4   4
57.00 58.00    IV   5   4   4   9
58.00 59.00     V   7   5   4  11
59.00 61.00     I   0   1   4   4
61.00 62.00    IV   5   4   4   9
62.00 63.00     V   7   5   4  11
63.00 65.00     I   0   1   4   4
65.00 66.00    IV   5   4   4   9
66.00 67.00     V   7   5   4  11
67.00 68.00    ii   2   2   4   6
68.00 69.00     V   7   5   4  11
69.00 70.00    ii   2   2   6   8
70.00 71.00     V   7   5   6   1
71.00 73.00     I   0   1   6   6
73.00 74.00   ii7   2   2   6   8
74.00 75.00     V   7   5   6   1
75.00 77.00     I   0   1   6   6
77.00 78.00   ii7   2   2   6   8
78.00 79.00     V   7   5   6   1
79.00 81.00     I   0   1   6   6
81.00 82.00   ii7   2   2   6   8
82.00 83.00     V   7   5   6   1
---
