 0.00  0.50     i   0   1   5   5
 0.50  1.00     v   7   5   5   0
 1.00  1.50  IVd7   5   4   5  10
 1.50  2.00  iih7   2   2   5   7
 2.00  2.50     i   0   1   5   5
 2.50  3.00    V7   7   5   5   0
 3.00  4.50     i   0   1   5   5
 4.50  5.00     v   7   5   5   0
 5.00  5.50  IVd7   5   4   5  10
 5.50  6.00  iih7   2   2   5   7
 6.00  6.50     i   0   1   5   5
 6.50  7.00    V7   7   5   5   0
 7.00  8.00     i   0   1   5   5
 8.00  9.00  IVd7   5   4   5  10
 9.00  9.50 bVIId7  10   7   5   3
 9.50 10.00    V6   7   5   5   0
10.00 12.50     i   0   1   5   5
12.50 13.00     v   7   5   5   0
13.00 13.50  IVd7   5   4   5  10
13.50 14.00  iih7   2   2   5   7
14.00 14.50     i   0   1   5   5
14.50 15.00     v   7   5   5   0
15.00 15.50  IVd7   5   4   5  10
15.50 16.00  iih7   2   2   5   7
16.00 16.50     i   0   1   5   5
16.50 17.00     v   7   5   5   0
17.00 17.50  IVd7   5   4   5  10
17.50 18.00  iih7   2   2   5   7
18.00 18.50     i   0   1   5   5
18.50 19.00     v   7   5   5   0
19.00 19.50  IVd7   5   4   5  10
19.50 20.00  iih7   2   2   5   7
20.00 20.50 iih7/V   9   6   5   2
20.50 21.00     V   7   5   5   0
21.00 21.50 iih7/V   9   6   5   2
21.50 22.00 iih43   2   2   5   7
22.00 24.00     V   7   5   5   0
24.00 24.50     i   0   1   5   5
24.50 25.00  bVII  10   7   5   3
25.00 25.50   bVI   8   6   5   1
25.50 26.00  bVII  10   7   5   3
26.00 26.50     i   0   1   5   5
26.50 27.00  bVII  10   7   5   3
27.00 27.50   bVI   8   6   5   1
27.50 28.00  bVII  10   7   5   3
28.00 28.50     i   0   1   5   5
28.50 29.00     v   7   5   5   0
29.00 29.50  IVd7   5   4   5  10
29.50 30.00  iih7   2   2   5   7
30.00 30.50     i   0   1   5   5
30.50 31.00    V7   7   5   5   0
31.00 32.50     i   0   1   5   5
32.50 33.00     v   7   5   5   0
33.00 33.50  IVd7   5   4   5  10
33.50 34.00  iih7   2   2   5   7
34.00 34.50     i   0   1   5   5
34.50 35.00     v   7   5   5   0
35.00 35.50  IVd7   5   4   5  10
35.50 36.00  iih7   2   2   5   7
36.00 36.50     i   0   1   5   5
36.50 37.00     v   7   5   5   0
37.00 37.50  IVd7   5   4   5  10
37.50 38.00  iih7   2   2   5   7
38.00 38.50     i   0   1   5   5
38.50 39.00     v   7   5   5   0
39.00 39.50  IVd7   5   4   5  10
39.50 40.00  iih7   2   2   5   7
40.00 40.50     i   0   1   5   5
40.50 41.00  bVII  10   7   5   3
41.00 41.50   bVI   8   6   5   1
41.50 42.00  bVII  10   7   5   3
42.00 42.50     i   0   1   5   5
42.50 43.00  bVII  10   7   5   3
43.00 43.50 iih7/V   9   6   5   2
43.50 44.00   bVI   8   6   5   1
44.00 46.00     V   7   5   5   0
46.00 46.50     i   0   1   5   5
46.50 47.00     V   7   5   5   0
47.00 47.50    i7   0   1   5   5
47.50 48.00  IVd7   5   4   5  10
48.00 48.50 bVIId7  10   7   5   3
48.50 49.00    V6   7   5   5   0
49.00 50.50     i   0   1   5   5
50.50 51.00     V   7   5   5   0
51.00 51.50    i7   0   1   5   5
51.50 52.00  IVd7   5   4   5  10
52.00 52.50 bVIId7  10   7   5   3
52.50 53.00    V6   7   5   5   0
53.00 53.50     i   0   1   5   5
53.50 54.00  bVII  10   7   5   3
54.00 54.50   bVI   8   6   5   1
54.50 55.00  bVII  10   7   5   3
55.00 55.50     i   0   1   5   5
55.50 56.00  bVII  10   7   5   3
56.00 56.50 iih7/V   9   6   5   2
56.50 57.00   bVI   8   6   5   1
57.00 59.00     V   7   5   5   0
59.00 59.50    IV   5   4   5  10
59.50 60.00     V   7   5   5   0
60.00 60.50   bVI   8   6   5   1
60.50 61.00  bVII  10   7   5   3
61.00 63.00     i   0   1   5   5
63.00 63.50    IV   5   4   5  10
63.50 64.00     V   7   5   5   0
64.00 64.50   bVI   8   6   5   1
64.50 65.00  bVII  10   7   5   3
65.00 67.00     i   0   1   5   5
67.00 67.50    IV   5   4   5  10
67.50 68.00     V   7   5   5   0
68.00 68.50   bVI   8   6   5   1
68.50 69.00  bVII  10   7   5   3
69.00 69.50     i   0   1   5   5
69.50 70.00    ii   2   2   5   7
70.00 70.50  bIII   3   3   5   8
70.50 71.00    IV   5   4   5  10
71.00 73.00     V   7   5   5   0
73.00 73.50     i   0   1   5   5
73.50 74.00  bVII  10   7   5   3
74.00 74.50   bVI   8   6   5   1
74.50 75.00  bVII  10   7   5   3
75.00 75.50     i   0   1   5   5
75.50 76.00  bVII  10   7   5   3
76.00 76.50   bVI   8   6   5   1
76.50 77.00  bVII  10   7   5   3
77.00 77.50     i   0   1   5   5
77.50 78.00  bVII  10   7   5   3
78.00 78.50   bVI   8   6   5   1
78.50 79.00  bVII  10   7   5   3
79.00 79.50     i   0   1   5   5
79.50 80.00  bVII  10   7   5   3
80.00 80.50 iih7/V   9   6   5   2
80.50 81.00   bVI   8   6   5   1
81.00 86.00     V   7   5   5   0
---
