 0.00  0.50     I   0   1   8   8
 0.50  1.00    vi   9   6   8   5
 1.00  1.50    IV   5   4   8   1
 1.50  2.00     V   7   5   8   3
 2.00  2.50     I   0   1   8   8
 2.50  3.00    vi   9   6   8   5
 3.00  3.50    IV   5   4   8   1
 3.50  4.00     V   7   5   8   3
 4.00  4.50     I   0   1   8   8
 4.50  5.00    vi   9   6   8   5
 5.00  5.50    IV   5   4   8   1
 5.50  6.00     V   7   5   8   3
 6.00  6.50     I   0   1   8   8
 6.50  7.00    vi   9   6   8   5
 7.00  7.50    IV   5   4   8   1
 7.50  8.00     V   7   5   8   3
 8.00  8.50     I   0   1   8   8
 8.50  9.00    vi   9   6   8   5
 9.00  9.50    IV   5   4   8   1
 9.50 10.00     V   7   5   8   3
10.00 10.50     I   0   1   8   8
10.50 11.00    vi   9   6   8   5
11.00 11.50    IV   5   4   8   1
11.50 12.00     V   7   5   8   3
12.00 12.50     I   0   1   8   8
12.50 13.00    vi   9   6   8   5
13.00 13.50    IV   5   4   8   1
13.50 14.00     V   7   5   8   3
14.00 14.50     I   0   1   8   8
14.50 15.00    vi   9   6   8   5
15.00 15.50    IV   5   4   8   1
15.50 16.00     V   7   5   8   3
16.00 16.50     I   0   1   8   8
16.50 17.00    vi   9   6   8   5
17.00 17.50    IV   5   4   8   1
17.50 18.00     V   7   5   8   3
18.00 18.50     I   0   1   8   8
18.50 19.00    IV   5   4   8   1
19.00 20.00     I   0   1   8   8
20.00 21.00    IV   5   4   8   1
21.00 22.00     I   0   1   8   8
22.00 23.00    IV   5   4   8   1
23.00 24.00     I   0   1   8   8
24.00 25.00    IV   5   4   8   1
25.00 26.00     I   0   1   8   8
26.00 27.00   V/V   2   2   8  10
27.00 28.00     V   7   5   8   3
28.00 28.50     I   0   1   8   8
28.50 29.00    vi   9   6   8   5
29.00 29.50    IV   5   4   8   1
29.50 30.00     V   7   5   8   3
30.00 30.50     I   0   1   8   8
30.50 31.00    vi   9   6   8   5
31.00 31.50    IV   5   4   8   1
31.50 32.00     V   7   5   8   3
32.00 32.50     I   0   1   8   8
32.50 33.00    vi   9   6   8   5
33.00 33.50    IV   5   4   8   1
33.50 34.00     V   7   5   8   3
34.00 34.50     I   0   1   8   8
34.50 35.00    IV   5   4   8   1
35.00 36.00     I   0   1   8   8
36.00 37.00    IV   5   4   8   1
37.00 38.00     I   0   1   8   8
38.00 39.00    IV   5   4   8   1
39.00 40.00     I   0   1   8   8
40.00 41.00    IV   5   4   8   1
41.00 42.00     I   0   1   8   8
42.00 43.00   V/V   2   2   8  10
43.00 44.00     V   7   5   8   3
44.00 44.50     I   0   1   8   8
44.50 45.00    vi   9   6   8   5
45.00 45.50    IV   5   4   8   1
45.50 46.00     V   7   5   8   3
46.00 46.50     I   0   1   8   8
46.50 47.00    vi   9   6   8   5
47.00 47.50    IV   5   4   8   1
47.50 48.00     V   7   5   8   3
48.00 48.50     I   0   1   8   8
48.50 49.00    vi   9   6   8   5
49.00 49.50    IV   5   4   8   1
49.50 50.00     V   7   5   8   3
50.00 51.00     I   0   1   8   8
---
