 0.00 16.50     i   0   1   4   4
16.50 17.00    ii   2   2   4   6
17.00 18.00  bIII   3   3   4   7
18.00 19.00  bVII  10   7   4   2
19.00 20.00   bVI   8   6   4   0
20.00 21.00  bIII   3   3   4   7
21.00 22.00  bVII  10   7   4   2
22.00 24.00   bVI   8   6   4   0
24.00 24.50     i   0   1   4   4
24.50 25.00    ii   2   2   4   6
25.00 26.00  bIII   3   3   4   7
26.00 27.00  bVII  10   7   4   2
27.00 28.00   bVI   8   6   4   0
28.00 29.00  bIII   3   3   4   7
29.00 30.00  bVII  10   7   4   2
30.00 32.00   bVI   8   6   4   0
32.00 32.50     i   0   1   4   4
32.50 33.00    ii   2   2   4   6
33.00 33.50  bIII   3   3   4   7
33.50 34.00    ii   2   2   4   6
34.00 34.50     i   0   1   4   4
34.50 35.00    ii   2   2   4   6
35.00 36.00  bIII   3   3   4   7
36.00 37.00  bVII  10   7   4   2
37.00 38.00   bVI   8   6   4   0
38.00 39.00  bIII   3   3   4   7
39.00 40.00  bVII  10   7   4   2
40.00 42.00   bVI   8   6   4   0
42.00 42.50     i   0   1   4   4
42.50 43.00    ii   2   2   4   6
43.00 44.00  bIII   3   3   4   7
44.00 45.00  bVII  10   7   4   2
45.00 46.00   bVI   8   6   4   0
46.00 47.00  bIII   3   3   4   7
47.00 48.00  bVII  10   7   4   2
48.00 50.00   bVI   8   6   4   0
50.00 76.50     i   0   1   4   4
76.50 77.00    ii   2   2   4   6
77.00 78.00  bIII   3   3   4   7
78.00 79.00  bVII  10   7   4   2
79.00 80.00   bVI   8   6   4   0
80.00 81.00  bIII   3   3   4   7
81.00 82.00  bVII  10   7   4   2
82.00 84.00   bVI   8   6   4   0
84.00 84.50     i   0   1   4   4
84.50 85.00    ii   2   2   4   6
85.00 86.00  bIII   3   3   4   7
86.00 87.00  bVII  10   7   4   2
87.00 88.00   bVI   8   6   4   0
88.00 89.00  bIII   3   3   4   7
89.00 90.00  bVII  10   7   4   2
90.00 92.00   bVI   8   6   4   0
92.00 114.00     i   0   1   4   4
---
