 0.00  2.00   bVI   8   6   4   0
 2.00  4.00     i   0   1   4   4
 4.00  6.00   bVI   8   6   4   0
 6.00 11.00     i   0   1   4   4
11.00 12.50   bVI   8   6   4   0
12.50 16.00     i   0   1   4   4
16.00 17.50   bVI   8   6   4   0
17.50 19.00     i   0   1   4   4
19.00 20.00 IVd43   5   4   4   9
20.00 21.00  bVI6   8   6   4   0
21.00 23.00     i   0   1   4   4
23.00 24.00 IVd43   5   4   4   9
24.00 25.00  bVI6   8   6   4   0
25.00 29.00     i   0   1   4   4
29.00 30.50   bVI   8   6   4   0
30.50 34.00     i   0   1   4   4
34.00 35.50   bVI   8   6   4   0
35.50 37.00     i   0   1   4   4
37.00 38.00 IVd43   5   4   4   9
38.00 39.00  bVI6   8   6   4   0
39.00 41.00     i   0   1   4   4
41.00 42.00 IVd43   5   4   4   9
42.00 43.00  bVI6   8   6   4   0
43.00 44.00     i   0   1   4   4
44.00 46.00   bVI   8   6   4   0
46.00 48.00     i   0   1   4   4
48.00 50.00   bVI   8   6   4   0
50.00 55.00     i   0   1   4   4
55.00 56.50   bVI   8   6   4   0
56.50 60.00     i   0   1   4   4
60.00 61.50   bVI   8   6   4   0
61.50 63.00     i   0   1   4   4
63.00 64.00 IVd43   5   4   4   9
64.00 65.00  bVI6   8   6   4   0
65.00 67.00     i   0   1   4   4
67.00 68.00 IVd43   5   4   4   9
68.00 69.00  bVI6   8   6   4   0
69.00 71.00     i   0   1   4   4
---
