 0.00 44.00     i   0   1   4   4
44.00 51.00    ii   2   2   4   6
51.00 52.00     i   0   1   4   4
52.00 53.00    ii   2   2   4   6
53.00 71.00     i   0   1   4   4
71.00 78.00    ii   2   2   4   6
78.00 79.00     i   0   1   4   4
79.00 80.00    ii   2   2   4   6
80.00 91.00     i   0   1   4   4
91.00 98.00    ii   2   2   4   6
98.00 99.00     i   0   1   4   4
99.00 100.00    ii   2   2   4   6
100.00 114.00     i   0   1   4   4
114.00 125.00    ii   2   2   4   6
125.00 126.00     i   0   1   4   4
126.00 127.00    ii   2   2   4   6
127.00 128.00     i   0   1   4   4
128.00 131.00    ii   2   2   4   6
131.00 132.00     i   0   1   4   4
132.00 133.00    ii   2   2   4   6
133.00 167.00     i   0   1   4   4
---
