 0.00  2.00     I   0   1   9   9
 2.00  4.00    vi   9   6   9   6
 4.00  5.00    IV   5   4   9   2
 5.00  6.00     V   7   5   9   4
 6.00 10.00     I   0   1   9   9
10.00 12.00    vi   9   6   9   6
12.00 13.00    IV   5   4   9   2
13.00 14.00     V   7   5   9   4
14.00 16.00    vi   9   6   9   6
16.00 18.00     I   0   1   9   9
18.00 20.00    vi   9   6   9   6
20.00 21.00    IV   5   4   9   2
21.00 22.00     V   7   5   9   4
22.00 24.00     I   0   1   9   9
24.00 26.00    IV   5   4   9   2
26.00 28.00     I   0   1   9   9
28.00 30.00  V7/V   2   2   9  11
30.00 32.00   Vs4   7   5   9   4
32.00 34.00     I   0   1   9   9
34.00 36.00    vi   9   6   9   6
36.00 37.00    IV   5   4   9   2
37.00 38.00     V   7   5   9   4
38.00 40.00    vi   9   6   9   6
40.00 42.00   bVI   8   6   9   5
42.00 44.00  bVII  10   7   9   7
44.00 46.00   bVI   8   6   9   5
46.00 48.00  bVII  10   7   9   7
48.00 50.00   bVI   8   6   9   5
50.00 52.00     I   0   1   9   9
52.00 54.00    vi   9   6   9   6
54.00 55.00    IV   5   4   9   2
55.00 56.00     V   7   5   9   4
56.00 58.00    vi   9   6   9   6
58.00 60.00     I   0   1   9   9
60.00 62.00    vi   9   6   9   6
62.00 63.00    IV   5   4   9   2
63.00 64.00     V   7   5   9   4
64.00 66.00     I   0   1   9   9
66.00 68.00    IV   5   4   9   2
68.00 70.00     I   0   1   9   9
70.00 72.00  V7/V   2   2   9  11
72.00 74.00   Vs4   7   5   9   4
74.00 76.00     I   0   1   9   9
76.00 78.00    vi   9   6   9   6
78.00 79.00    IV   5   4   9   2
79.00 80.00     V   7   5   9   4
80.00 82.00    vi   9   6   9   6
82.00 83.00    IV   5   4   9   2
83.00 84.00     V   7   5   9   4
84.00 88.00    vi   9   6   9   6
88.00 90.00     I   0   1   9   9
90.00 91.00    vi   9   6   9   6
91.00 92.00    IV   5   4   9   2
92.00 94.00     I   0   1   9   9
94.00 95.00    vi   9   6   9   6
95.00 96.00    IV   5   4   9   2
96.00 98.00     I   0   1   9   9
98.00 99.00    vi   9   6   9   6
99.00 100.00    IV   5   4   9   2
100.00 102.00     I   0   1   9   9
102.00 103.00    vi   9   6   9   6
103.00 104.00    IV   5   4   9   2
104.00 106.00     I   0   1   9   9
106.00 107.00    vi   9   6   9   6
107.00 108.00    IV   5   4   9   2
108.00 110.00     I   0   1   9   9
110.00 111.00    vi   9   6   9   6
111.00 112.00    IV   5   4   9   2
112.00 114.00     I   0   1   9   9
114.00 115.00    vi   9   6   9   6
115.00 116.00    IV   5   4   9   2
116.00 118.00     I   0   1   9   9
118.00 119.00    vi   9   6   9   6
119.00 120.00    IV   5   4   9   2
---
