 0.00  1.00     I   0   1   7   7
 1.00  1.25  IV64   5   4   7   0
 1.25  3.00     I   0   1   7   7
 3.00  3.25  IV64   5   4   7   0
 3.25  5.00     I   0   1   7   7
 5.00  5.25  IV64   5   4   7   0
 5.25  7.00     I   0   1   7   7
 7.00  7.25  IV64   5   4   7   0
 7.25  9.00     I   0   1   7   7
 9.00  9.25  IV64   5   4   7   0
 9.25 11.00     I   0   1   7   7
11.00 11.25  IV64   5   4   7   0
11.25 13.00     I   0   1   7   7
13.00 13.25  IV64   5   4   7   0
13.25 15.00     I   0   1   7   7
15.00 15.25  IV64   5   4   7   0
15.25 17.00     I   0   1   7   7
17.00 17.25  IV64   5   4   7   0
17.25 19.00     I   0   1   7   7
19.00 19.25  IV64   5   4   7   0
19.25 21.00     I   0   1   7   7
21.00 21.25  IV64   5   4   7   0
21.25 23.00     I   0   1   7   7
23.00 23.25  IV64   5   4   7   0
23.25 25.00     I   0   1   7   7
25.00 25.25  IV64   5   4   7   0
25.25 27.00     I   0   1   7   7
27.00 27.25  IV64   5   4   7   0
27.25 29.00     I   0   1   7   7
29.00 29.25  IV64   5   4   7   0
29.25 31.00     I   0   1   7   7
31.00 31.25  IV64   5   4   7   0
31.25 33.00     I   0   1   7   7
33.00 33.25  IV64   5   4   7   0
33.25 35.00     I   0   1   7   7
35.00 35.25  IV64   5   4   7   0
35.25 37.00     I   0   1   7   7
37.00 37.25  IV64   5   4   7   0
37.25 39.00     I   0   1   7   7
39.00 39.25  IV64   5   4   7   0
39.25 41.00     I   0   1   7   7
41.00 41.25  IV64   5   4   7   0
41.25 43.00     I   0   1   7   7
43.00 43.25  IV64   5   4   7   0
43.25 45.00     I   0   1   7   7
45.00 45.25  IV64   5   4   7   0
45.25 47.00     I   0   1   7   7
47.00 47.25  IV64   5   4   7   0
47.25 49.00     I   0   1   7   7
49.00 49.25  IV64   5   4   7   0
49.25 51.00     I   0   1   7   7
51.00 51.25  IV64   5   4   7   0
51.25 53.00     I   0   1   7   7
53.00 53.25  IV64   5   4   7   0
53.25 55.00     I   0   1   7   7
55.00 55.25  IV64   5   4   7   0
55.25 57.00     I   0   1   7   7
57.00 57.25  IV64   5   4   7   0
57.25 59.00     I   0   1   7   7
59.00 59.25  IV64   5   4   7   0
59.25 61.00     I   0   1   7   7
61.00 61.25  IV64   5   4   7   0
61.25 63.00     I   0   1   7   7
63.00 63.25  IV64   5   4   7   0
63.25 65.00     I   0   1   7   7
---
