 0.00  2.00     I   0   1   9   9
 2.00  3.50    vi   9   6   9   6
 3.50  4.00  iii6   4   3   9   1
 4.00  5.00    IV   5   4   9   2
 5.00  6.00     I   0   1   9   9
 6.00  8.00    IV   5   4   9   2
 8.00 10.00     I   0   1   9   9
10.00 11.50    vi   9   6   9   6
11.50 12.00  iii6   4   3   9   1
12.00 13.00    IV   5   4   9   2
13.00 14.00     I   0   1   9   9
14.00 16.00    IV   5   4   9   2
16.00 18.00    ii   2   2   9  11
18.00 20.00     I   0   1   9   9
20.00 22.00    ii   2   2   9  11
22.00 26.00     I   0   1   9   9
26.00 27.50    vi   9   6   9   6
27.50 28.00  iii6   4   3   9   1
28.00 29.00    IV   5   4   9   2
29.00 30.00     I   0   1   9   9
30.00 32.00    IV   5   4   9   2
32.00 34.00     I   0   1   9   9
34.00 35.50    vi   9   6   9   6
35.50 36.00  iii6   4   3   9   1
36.00 37.00    IV   5   4   9   2
37.00 38.00     I   0   1   9   9
38.00 40.00    IV   5   4   9   2
40.00 42.00    ii   2   2   9  11
42.00 44.00     I   0   1   9   9
44.00 46.00    ii   2   2   9  11
46.00 50.00     I   0   1   9   9
50.00 51.50    vi   9   6   9   6
51.50 52.00  iii6   4   3   9   1
52.00 53.00    IV   5   4   9   2
53.00 54.00     I   0   1   9   9
54.00 56.00    IV   5   4   9   2
56.00 58.00     I   0   1   9   9
58.00 59.50    vi   9   6   9   6
59.50 60.00  iii6   4   3   9   1
60.00 61.00    IV   5   4   9   2
61.00 62.00     I   0   1   9   9
62.00 64.00    IV   5   4   9   2
64.00 66.00    ii   2   2   9  11
66.00 68.00     I   0   1   9   9
68.00 70.00    ii   2   2   9  11
70.00 72.00     I   0   1   9   9
72.00 74.00    ii   2   2   9  11
74.00 76.00     I   0   1   9   9
76.00 78.00    ii   2   2   9  11
78.00 80.00     I   0   1   9   9
80.00 82.00    ii   2   2   9  11
82.00 84.00     I   0   1   9   9
84.00 86.00    ii   2   2   9  11
86.00 87.00     I   0   1   9   9
---
