 0.00  4.00     i   0   1   2   2
 4.00  4.50   bVI   8   6   2  10
 4.50  5.00 bIII6   3   3   2   5
 5.00  5.50    iv   5   4   2   7
 5.50  6.00  bVII  10   7   2   0
 6.00  8.00     i   0   1   2   2
 8.00  8.50   bVI   8   6   2  10
 8.50  9.00 bIII6   3   3   2   5
 9.00  9.50    iv   5   4   2   7
 9.50 10.00  bVII  10   7   2   0
10.00 11.00   ii7   2   2   5   7
11.00 12.00     V   7   5   5   0
12.00 13.00   ii7   2   2   5   7
13.00 14.00     V   7   5   5   0
14.00 15.00   ii7   2   2   5   7
15.00 16.00     V   7   5   5   0
16.00 17.00   ii7   2   2   5   7
17.00 18.00     V   7   5   5   0
18.00 19.00   ii7   2   2   5   7
19.00 20.00     V   7   5   5   0
20.00 21.00   ii7   2   2   5   7
21.00 22.00     V   7   5   5   0
22.00 23.00   ii7   2   2   5   7
23.00 24.00     V   7   5   5   0
24.00 25.00   ii7   2   2   5   7
25.00 26.00     V   7   5   5   0
26.00 27.00   ii7   2   2   5   7
27.00 28.00     V   7   5   5   0
28.00 29.00   ii7   2   2   5   7
29.00 31.00     i   0   1   2   2
31.00 32.00   ii7   2   2   5   7
32.00 33.00     V   7   5   5   0
33.00 34.00   ii7   2   2   5   7
34.00 35.00     V   7   5   5   0
35.00 36.00   ii7   2   2   5   7
36.00 37.00     V   7   5   5   0
37.00 38.00   ii7   2   2   5   7
38.00 40.00     i   0   1   2   2
40.00 41.00   ii7   2   2   5   7
41.00 42.00     V   7   5   5   0
42.00 43.00   ii7   2   2   5   7
43.00 44.00     V   7   5   5   0
44.00 45.00   ii7   2   2   5   7
45.00 46.00     V   7   5   5   0
46.00 47.00   ii7   2   2   5   7
47.00 48.00     V   7   5   5   0
48.00 49.00   ii7   2   2   5   7
49.00 50.00     V   7   5   5   0
50.00 51.00   ii7   2   2   5   7
51.00 52.00     V   7   5   5   0
52.00 53.00   ii7   2   2   5   7
53.00 54.00     V   7   5   5   0
54.00 55.00   ii7   2   2   5   7
55.00 56.00     V   7   5   5   0
56.00 57.00   ii7   2   2   5   7
57.00 58.00     V   7   5   5   0
58.00 59.00   ii7   2   2   5   7
59.00 60.00     V   7   5   5   0
60.00 61.00   ii7   2   2   5   7
61.00 62.00     V   7   5   5   0
62.00 63.00   ii7   2   2   5   7
63.00 65.00     i   0   1   2   2
65.00 67.00     v   7   5   2   9
67.00 69.00     i   0   1   2   2
69.00 69.50   bVI   8   6   2  10
69.50 70.00 bIII6   3   3   2   5
70.00 70.50    iv   5   4   2   7
70.50 71.00  bVII  10   7   2   0
71.00 73.00     i   0   1   2   2
73.00 73.50   bVI   8   6   2  10
73.50 74.00 bIII6   3   3   2   5
74.00 74.50    iv   5   4   2   7
74.50 75.00  bVII  10   7   2   0
75.00 76.00   ii7   2   2   5   7
76.00 77.00     V   7   5   5   0
77.00 78.00   ii7   2   2   5   7
78.00 79.00     V   7   5   5   0
79.00 80.00   ii7   2   2   5   7
80.00 81.00     V   7   5   5   0
---
