 0.00  0.50    IV   5   4   9   2
 0.50  1.00     I   0   1   9   9
 1.00  1.50    vi   9   6   9   6
 1.50  2.00     V   7   5   9   4
 2.00  2.50    IV   5   4   9   2
 2.50  3.00     I   0   1   9   9
 3.00  3.50    vi   9   6   9   6
 3.50  4.00     V   7   5   9   4
 4.00  4.50    IV   5   4   9   2
 4.50  5.00     I   0   1   9   9
 5.00  5.50    vi   9   6   9   6
 5.50  6.00     V   7   5   9   4
 6.00  6.50    IV   5   4   9   2
 6.50  7.00     I   0   1   9   9
 7.00  7.50    vi   9   6   9   6
 7.50  8.00     V   7   5   9   4
 8.00  8.50    IV   5   4   9   2
 8.50  9.00     I   0   1   9   9
 9.00  9.50    vi   9   6   9   6
 9.50 10.00     V   7   5   9   4
10.00 10.50    IV   5   4   9   2
10.50 11.00     I   0   1   9   9
11.00 11.50    vi   9   6   9   6
11.50 12.00     V   7   5   9   4
12.00 12.50    IV   5   4   9   2
12.50 13.00     I   0   1   9   9
13.00 13.50    vi   9   6   9   6
13.50 14.00     V   7   5   9   4
14.00 14.50    IV   5   4   9   2
14.50 15.00     I   0   1   9   9
15.00 15.50    vi   9   6   9   6
15.50 16.00     V   7   5   9   4
16.00 16.50    IV   5   4   9   2
16.50 17.00     I   0   1   9   9
17.00 17.50    vi   9   6   9   6
17.50 18.00     V   7   5   9   4
18.00 18.50    IV   5   4   9   2
18.50 19.00     I   0   1   9   9
19.00 19.50    vi   9   6   9   6
19.50 20.00     V   7   5   9   4
20.00 20.50    IV   5   4   9   2
20.50 21.00     I   0   1   9   9
21.00 21.50    vi   9   6   9   6
21.50 22.00     V   7   5   9   4
22.00 22.50    IV   5   4   9   2
22.50 23.00     I   0   1   9   9
23.00 23.50    vi   9   6   9   6
23.50 24.00     V   7   5   9   4
24.00 24.50    IV   5   4   9   2
24.50 25.00     I   0   1   9   9
25.00 25.50    vi   9   6   9   6
25.50 26.00     V   7   5   9   4
26.00 26.50    IV   5   4   9   2
26.50 27.00     I   0   1   9   9
27.00 27.50    vi   9   6   9   6
27.50 28.00     V   7   5   9   4
28.00 28.50    IV   5   4   9   2
28.50 29.00     I   0   1   9   9
29.00 29.50    vi   9   6   9   6
29.50 30.00     V   7   5   9   4
30.00 30.50    IV   5   4   9   2
30.50 31.00     I   0   1   9   9
31.00 31.50    vi   9   6   9   6
31.50 32.00     V   7   5   9   4
32.00 32.50    IV   5   4   9   2
32.50 33.00     I   0   1   9   9
33.00 33.50    vi   9   6   9   6
33.50 34.00     V   7   5   9   4
34.00 34.50    IV   5   4   9   2
34.50 35.00     I   0   1   9   9
35.00 35.50    vi   9   6   9   6
35.50 36.00     V   7   5   9   4
36.00 36.50    IV   5   4   9   2
36.50 37.00     I   0   1   9   9
37.00 37.50    vi   9   6   9   6
37.50 38.00     V   7   5   9   4
38.00 38.50    IV   5   4   9   2
38.50 39.00     I   0   1   9   9
39.00 39.50    vi   9   6   9   6
39.50 40.00     V   7   5   9   4
40.00 40.50    IV   5   4   9   2
40.50 41.00     I   0   1   9   9
41.00 41.50    vi   9   6   9   6
41.50 42.00     V   7   5   9   4
42.00 42.50    IV   5   4   9   2
42.50 43.00     I   0   1   9   9
43.00 43.50    vi   9   6   9   6
43.50 44.00     V   7   5   9   4
44.00 44.50    IV   5   4   9   2
44.50 45.00     I   0   1   9   9
45.00 45.50    vi   9   6   9   6
45.50 46.00     V   7   5   9   4
46.00 46.50    IV   5   4   9   2
46.50 47.00     I   0   1   9   9
47.00 47.50    vi   9   6   9   6
47.50 48.00     V   7   5   9   4
48.00 48.50    IV   5   4   9   2
48.50 49.00     I   0   1   9   9
49.00 49.50    vi   9   6   9   6
49.50 50.00     V   7   5   9   4
50.00 50.50    IV   5   4   9   2
50.50 51.00     I   0   1   9   9
51.00 51.50    vi   9   6   9   6
51.50 52.00     V   7   5   9   4
52.00 53.00    IV   5   4   9   2
53.00 54.00     I   0   1   9   9
54.00 55.00    vi   9   6   9   6
55.00 56.00     V   7   5   9   4
56.00 56.50    IV   5   4   9   2
56.50 57.00    vi   9   6   9   6
57.00 58.00     V   7   5   9   4
58.00 58.50    IV   5   4   9   2
58.50 59.00    vi   9   6   9   6
59.00 60.00     V   7   5   9   4
60.00 60.50    IV   5   4   9   2
60.50 61.00     V   7   5   9   4
61.00 61.50    IV   5   4   9   2
61.50 62.00     I   0   1   9   9
62.00 62.50    vi   9   6   9   6
62.50 63.00     V   7   5   9   4
63.00 63.50    IV   5   4   9   2
63.50 64.00     I   0   1   9   9
64.00 64.50    vi   9   6   9   6
64.50 65.00     V   7   5   9   4
65.00 65.50    IV   5   4   9   2
65.50 66.00     I   0   1   9   9
66.00 66.50    vi   9   6   9   6
66.50 67.00     V   7   5   9   4
67.00 67.50    IV   5   4   9   2
67.50 68.00     I   0   1   9   9
68.00 68.50    vi   9   6   9   6
68.50 69.00     V   7   5   9   4
69.00 69.50    IV   5   4   9   2
69.50 70.00     I   0   1   9   9
70.00 70.50    vi   9   6   9   6
70.50 71.00     V   7   5   9   4
71.00 71.50    IV   5   4   9   2
71.50 72.00     I   0   1   9   9
72.00 72.50    vi   9   6   9   6
72.50 73.00     V   7   5   9   4
73.00 73.50    IV   5   4   9   2
73.50 74.00     I   0   1   9   9
74.00 74.50    vi   9   6   9   6
74.50 75.00     V   7   5   9   4
75.00 75.50    IV   5   4   9   2
75.50 76.00     I   0   1   9   9
76.00 76.50    vi   9   6   9   6
76.50 77.00     V   7   5   9   4
77.00 78.00    IV   5   4   9   2
78.00 79.00     I   0   1   9   9
79.00 80.00    vi   9   6   9   6
80.00 81.00     V   7   5   9   4
81.00 81.50    IV   5   4   9   2
81.50 82.00    vi   9   6   9   6
82.00 83.00     V   7   5   9   4
83.00 83.50    IV   5   4   9   2
83.50 84.00    vi   9   6   9   6
84.00 85.00     V   7   5   9   4
85.00 85.50    IV   5   4   9   2
85.50 86.00     V   7   5   9   4
86.00 86.50    IV   5   4   9   2
86.50 87.00     I   0   1   9   9
87.00 87.50    vi   9   6   9   6
87.50 88.00     V   7   5   9   4
88.00 88.50    IV   5   4   9   2
88.50 89.00     I   0   1   9   9
89.00 89.50    vi   9   6   9   6
89.50 90.00     V   7   5   9   4
90.00 90.50    IV   5   4   9   2
90.50 91.00     I   0   1   9   9
91.00 91.50    vi   9   6   9   6
91.50 92.00     V   7   5   9   4
92.00 92.50    IV   5   4   9   2
92.50 93.00     I   0   1   9   9
93.00 93.50    vi   9   6   9   6
93.50 94.00     V   7   5   9   4
94.00 94.50    IV   5   4   9   2
94.50 95.00     I   0   1   9   9
95.00 95.50    vi   9   6   9   6
95.50 96.00     V   7   5   9   4
96.00 96.50    IV   5   4   9   2
96.50 97.00     I   0   1   9   9
97.00 97.50    vi   9   6   9   6
97.50 98.00     V   7   5   9   4
98.00 98.50    IV   5   4   9   2
98.50 99.00     I   0   1   9   9
99.00 99.50    vi   9   6   9   6
99.50 100.00     V   7   5   9   4
100.00 100.50    IV   5   4   9   2
100.50 101.00     I   0   1   9   9
101.00 101.50    vi   9   6   9   6
101.50 102.00     V   7   5   9   4
102.00 103.00    IV   5   4   9   2
103.00 104.00     I   0   1   9   9
104.00 105.00    vi   9   6   9   6
105.00 106.00     V   7   5   9   4
106.00 106.50    IV   5   4   9   2
106.50 107.00    vi   9   6   9   6
107.00 108.00     V   7   5   9   4
108.00 108.50    IV   5   4   9   2
108.50 109.00    vi   9   6   9   6
109.00 110.00     V   7   5   9   4
110.00 110.50    IV   5   4   9   2
110.50 111.00     V   7   5   9   4
111.00 111.50    IV   5   4   9   2
111.50 112.00     I   0   1   9   9
112.00 112.50    vi   9   6   9   6
112.50 113.00     V   7   5   9   4
113.00 113.50    IV   5   4   9   2
113.50 114.00     I   0   1   9   9
114.00 114.50    vi   9   6   9   6
114.50 115.00     V   7   5   9   4
115.00 115.50    IV   5   4   9   2
115.50 116.00     I   0   1   9   9
116.00 116.50    vi   9   6   9   6
116.50 117.00     V   7   5   9   4
117.00 117.50    IV   5   4   9   2
117.50 118.00     I   0   1   9   9
118.00 118.50    vi   9   6   9   6
118.50 119.00     V   7   5   9   4
119.00 119.50    IV   5   4   9   2
119.50 120.00     I   0   1   9   9
120.00 120.50    vi   9   6   9   6
120.50 121.00     V   7   5   9   4
121.00 121.50    IV   5   4   9   2
121.50 122.00     I   0   1   9   9
122.00 122.50    vi   9   6   9   6
122.50 123.00     V   7   5   9   4
123.00 123.50    IV   5   4   9   2
123.50 124.00     I   0   1   9   9
124.00 124.50    vi   9   6   9   6
124.50 125.00     V   7   5   9   4
125.00 125.50    IV   5   4   9   2
125.50 126.00     I   0   1   9   9
---
