 0.00  1.00     V   7   5   5   0
 1.00  6.00     I   0   1   5   5
 6.00  8.00    IV   5   4   5  10
 8.00 10.00     I   0   1   5   5
10.00 12.00     V   7   5   5   0
12.00 17.00     I   0   1   5   5
17.00 19.00    IV   5   4   5  10
19.00 21.00     I   0   1   5   5
21.00 23.00     V   7   5   5   0
23.00 28.00     I   0   1   5   5
28.00 30.00    IV   5   4   5  10
30.00 32.00     I   0   1   5   5
32.00 34.00     V   7   5   5   0
34.00 39.00     I   0   1   5   5
39.00 41.00    IV   5   4   5  10
41.00 43.00     I   0   1   5   5
43.00 45.00     V   7   5   5   0
45.00 50.00     I   0   1   5   5
50.00 52.00    IV   5   4   5  10
52.00 54.00     I   0   1   5   5
54.00 56.00     V   7   5   5   0
56.00 61.00     I   0   1   5   5
61.00 63.00    IV   5   4   5  10
63.00 65.00     I   0   1   5   5
65.00 67.00     V   7   5   5   0
67.00 68.00     I   0   1   5   5
68.00 69.00     V   7   5   5   0
69.00 70.00     I   0   1   5   5
---
