 0.00  1.00     I   0   1   4   4
 1.00  2.00    IV   5   4   4   9
 2.00  3.00     I   0   1   4   4
 3.00  4.00    IV   5   4   4   9
 4.00  5.00     I   0   1   4   4
 5.00  6.00    IV   5   4   4   9
 6.00  7.00     I   0   1   4   4
 7.00  8.00    IV   5   4   4   9
 8.00  9.00     I   0   1   4   4
 9.00 10.00    IV   5   4   4   9
10.00 11.00     I   0   1   4   4
11.00 12.00    IV   5   4   4   9
12.00 12.50     I   0   1   4   4
12.50 13.00  bVII  10   7   4   2
13.00 13.50    IV   5   4   4   9
13.50 14.00   bVI   8   6   4   0
14.00 15.00     I   0   1   4   4
15.00 16.00    IV   5   4   4   9
16.00 17.00     I   0   1   4   4
17.00 18.00    IV   5   4   4   9
18.00 19.00     I   0   1   4   4
19.00 20.00    IV   5   4   4   9
20.00 21.00     I   0   1   4   4
21.00 22.00    IV   5   4   4   9
22.00 23.00     I   0   1   4   4
23.00 24.00    IV   5   4   4   9
24.00 25.00     I   0   1   4   4
25.00 26.00    IV   5   4   4   9
26.00 26.50     I   0   1   4   4
26.50 27.00  bVII  10   7   4   2
27.00 27.50    IV   5   4   4   9
27.50 28.00   bVI   8   6   4   0
28.00 29.00     I   0   1   4   4
29.00 30.00    IV   5   4   4   9
30.00 31.00     I   0   1   4   4
31.00 32.00    IV   5   4   4   9
32.00 33.00     I   0   1   4   4
33.00 34.00    IV   5   4   4   9
34.00 35.00     I   0   1   4   4
35.00 36.00    IV   5   4   4   9
36.00 37.00     I   0   1   4   4
37.00 38.00    IV   5   4   4   9
38.00 39.00     I   0   1   4   4
39.00 40.00    IV   5   4   4   9
40.00 40.50     I   0   1   4   4
40.50 41.00  bVII  10   7   4   2
41.00 41.50    IV   5   4   4   9
41.50 42.00   bVI   8   6   4   0
42.00 43.00     I   0   1   4   4
43.00 44.00    IV   5   4   4   9
44.00 45.00     I   0   1   4   4
45.00 46.00    IV   5   4   4   9
46.00 47.00     I   0   1   4   4
47.00 48.00    IV   5   4   4   9
48.00 49.00     I   0   1   4   4
49.00 50.00    IV   5   4   4   9
50.00 51.00     I   0   1   4   4
51.00 52.00    IV   5   4   4   9
52.00 53.00     I   0   1   4   4
53.00 54.00    IV   5   4   4   9
54.00 54.50     I   0   1   4   4
54.50 55.00  bVII  10   7   4   2
55.00 55.50    IV   5   4   4   9
55.50 56.00   bVI   8   6   4   0
56.00 56.50     I   0   1   4   4
56.50 57.00  bVII  10   7   4   2
57.00 57.50    IV   5   4   4   9
57.50 58.00   bVI   8   6   4   0
58.00 58.50     I   0   1   4   4
58.50 59.00  bVII  10   7   4   2
59.00 59.50    IV   5   4   4   9
59.50 60.00   bVI   8   6   4   0
60.00 60.50     I   0   1   4   4
60.50 61.00  bVII  10   7   4   2
61.00 61.50    IV   5   4   4   9
61.50 62.00   bVI   8   6   4   0
---
