 0.00  3.00     I   0   1   7   7
 3.00  4.00  bVII  10   7   7   5
 4.00  5.00    IV   5   4   7   0
 5.00  7.00     I   0   1   7   7
 7.00  8.00  bVII  10   7   7   5
 8.00  9.00    IV   5   4   7   0
 9.00 11.00     I   0   1   7   7
11.00 12.00  bVII  10   7   7   5
12.00 13.00    IV   5   4   7   0
13.00 15.00     I   0   1   7   7
15.00 16.00  bVII  10   7   7   5
16.00 17.00    IV   5   4   7   0
17.00 19.00     I   0   1   7   7
19.00 20.00     V   7   5   7   2
20.00 21.00    IV   5   4   7   0
21.00 23.00     I   0   1   7   7
23.00 24.00     V   7   5   7   2
24.00 25.00    IV   5   4   7   0
25.00 27.00     I   0   1   7   7
27.00 28.00  bVII  10   7   7   5
28.00 29.00    IV   5   4   7   0
29.00 31.00     I   0   1   7   7
31.00 32.00  bVII  10   7   7   5
32.00 33.00    IV   5   4   7   0
33.00 35.00     I   0   1   7   7
35.00 36.00     V   7   5   7   2
36.00 37.00    IV   5   4   7   0
37.00 39.00     I   0   1   7   7
39.00 40.00     V   7   5   7   2
40.00 41.00    IV   5   4   7   0
41.00 43.00     I   0   1   7   7
43.00 44.00    II   2   2   7   9
44.00 45.00    iv   5   4   7   0
45.00 47.00     I   0   1   7   7
47.00 48.00    II   2   2   7   9
48.00 49.00    iv   5   4   7   0
49.00 51.00     I   0   1   7   7
51.00 52.00  bVII  10   7   7   5
52.00 53.00    IV   5   4   7   0
53.00 55.00     I   0   1   7   7
55.00 56.00  bVII  10   7   7   5
56.00 57.00    IV   5   4   7   0
57.00 59.00     I   0   1   7   7
59.00 60.00     V   7   5   7   2
60.00 61.00    IV   5   4   7   0
61.00 63.00     I   0   1   7   7
63.00 64.00     V   7   5   7   2
64.00 65.00    IV   5   4   7   0
65.00 67.00     I   0   1   7   7
67.00 68.00     V   7   5   7   2
68.00 69.00    IV   5   4   7   0
69.00 71.00     I   0   1   7   7
71.00 72.00     V   7   5   7   2
72.00 73.00    IV   5   4   7   0
73.00 74.00     I   0   1   7   7
---
