 0.00 13.00     i   0   1   6   6
13.00 13.50  bVII  10   7   6   4
13.50 14.00    IV   5   4   6  11
14.00 15.00     i   0   1   6   6
15.00 15.50  bVII  10   7   6   4
15.50 16.00    IV   5   4   6  11
16.00 17.00     i   0   1   6   6
17.00 17.50  bVII  10   7   6   4
17.50 18.00    IV   5   4   6  11
18.00 33.00     i   0   1   6   6
33.00 33.50  bVII  10   7   6   4
33.50 34.00    IV   5   4   6  11
34.00 35.00     i   0   1   6   6
35.00 35.50  bVII  10   7   6   4
35.50 36.00    IV   5   4   6  11
36.00 37.00     i   0   1   6   6
37.00 37.50  bVII  10   7   6   4
37.50 38.00    IV   5   4   6  11
38.00 49.00     i   0   1   6   6
49.00 49.50  bVII  10   7   6   4
49.50 50.00    IV   5   4   6  11
50.00 51.00     i   0   1   6   6
51.00 51.50  bVII  10   7   6   4
51.50 52.00    IV   5   4   6  11
52.00 53.00     i   0   1   6   6
53.00 53.50  bVII  10   7   6   4
53.50 54.00    IV   5   4   6  11
54.00 71.50     i   0   1   6   6
71.50 72.00    IV   5   4   6  11
---
