 0.00  0.50     I   0   1   5   5
 0.50  1.25    IV   5   4   5  10
 1.25  1.50     I   0   1   5   5
 1.50  2.00     V   7   5   5   0
 2.00  2.50     I   0   1   5   5
 2.50  3.25    IV   5   4   5  10
 3.25  3.50     I   0   1   5   5
 3.50  4.00     V   7   5   5   0
 4.00  4.50     I   0   1   5   5
 4.50  5.25    IV   5   4   5  10
 5.25  5.50     I   0   1   5   5
 5.50  6.00     V   7   5   5   0
 6.00  6.50     I   0   1   5   5
 6.50  7.25    IV   5   4   5  10
 7.25  7.50     I   0   1   5   5
 7.50  8.00     V   7   5   5   0
 8.00  8.50     I   0   1   5   5
 8.50  9.25    IV   5   4   5  10
 9.25  9.50     I   0   1   5   5
 9.50 10.00     V   7   5   5   0
10.00 10.50     I   0   1   5   5
10.50 11.25    IV   5   4   5  10
11.25 11.50     I   0   1   5   5
11.50 12.00     V   7   5   5   0
12.00 12.50     I   0   1   5   5
12.50 13.25    IV   5   4   5  10
13.25 13.50     I   0   1   5   5
13.50 14.00     V   7   5   5   0
14.00 14.50     I   0   1   5   5
14.50 15.25    IV   5   4   5  10
15.25 15.50     I   0   1   5   5
15.50 16.00     V   7   5   5   0
16.00 16.50     I   0   1   5   5
16.50 17.25    IV   5   4   5  10
17.25 17.50     I   0   1   5   5
17.50 18.00     V   7   5   5   0
18.00 18.50     I   0   1   5   5
18.50 19.25    IV   5   4   5  10
19.25 19.50     I   0   1   5   5
19.50 20.00     V   7   5   5   0
20.00 20.50     I   0   1   5   5
20.50 21.25    IV   5   4   5  10
21.25 21.50     I   0   1   5   5
21.50 22.00     V   7   5   5   0
22.00 22.50     I   0   1   5   5
22.50 23.25    IV   5   4   5  10
23.25 23.50     I   0   1   5   5
23.50 24.00     V   7   5   5   0
24.00 24.50     I   0   1   5   5
24.50 25.25    IV   5   4   5  10
25.25 25.50     I   0   1   5   5
25.50 26.00     V   7   5   5   0
26.00 26.50     I   0   1   5   5
26.50 27.25    IV   5   4   5  10
27.25 27.50     I   0   1   5   5
27.50 28.00     V   7   5   5   0
28.00 28.50     I   0   1   5   5
28.50 29.25    IV   5   4   5  10
29.25 29.50     I   0   1   5   5
29.50 30.00     V   7   5   5   0
30.00 30.50     I   0   1   5   5
30.50 31.25    IV   5   4   5  10
31.25 31.50     I   0   1   5   5
31.50 32.00     V   7   5   5   0
32.00 32.50     I   0   1   5   5
32.50 33.25    IV   5   4   5  10
33.25 33.50     I   0   1   5   5
33.50 34.00     V   7   5   5   0
34.00 34.50     I   0   1   5   5
34.50 35.25    IV   5   4   5  10
35.25 35.50     I   0   1   5   5
35.50 36.00     V   7   5   5   0
36.00 36.50     I   0   1   5   5
36.50 37.25    IV   5   4   5  10
37.25 37.50     I   0   1   5   5
37.50 38.00     V   7   5   5   0
38.00 38.50     I   0   1   5   5
38.50 39.25    IV   5   4   5  10
39.25 39.50     I   0   1   5   5
39.50 40.00     V   7   5   5   0
40.00 40.50     I   0   1   5   5
40.50 41.25    IV   5   4   5  10
41.25 41.50     I   0   1   5   5
41.50 42.00     V   7   5   5   0
42.00 42.50     I   0   1   5   5
42.50 43.25    IV   5   4   5  10
43.25 43.50     I   0   1   5   5
43.50 44.00     V   7   5   5   0
44.00 44.50     I   0   1   5   5
44.50 45.25    IV   5   4   5  10
45.25 45.50     I   0   1   5   5
45.50 46.00     V   7   5   5   0
46.00 46.50     I   0   1   5   5
46.50 47.25    IV   5   4   5  10
47.25 47.50     I   0   1   5   5
47.50 48.00     V   7   5   5   0
48.00 48.50     I   0   1   5   5
48.50 49.25    IV   5   4   5  10
49.25 49.50     I   0   1   5   5
49.50 50.00     V   7   5   5   0
50.00 50.50     I   0   1   5   5
50.50 51.25    IV   5   4   5  10
51.25 51.50     I   0   1   5   5
51.50 52.00     V   7   5   5   0
52.00 52.50     I   0   1   5   5
52.50 53.25    IV   5   4   5  10
53.25 53.50     I   0   1   5   5
53.50 54.00     V   7   5   5   0
54.00 54.50     I   0   1   5   5
54.50 55.25    IV   5   4   5  10
55.25 55.50     I   0   1   5   5
55.50 56.00     V   7   5   5   0
56.00 56.50     I   0   1   5   5
56.50 57.25    IV   5   4   5  10
57.25 57.50     I   0   1   5   5
57.50 58.00     V   7   5   5   0
58.00 58.50     I   0   1   5   5
58.50 59.25    IV   5   4   5  10
59.25 59.50     I   0   1   5   5
59.50 60.00     V   7   5   5   0
60.00 60.50     I   0   1   5   5
60.50 61.25    IV   5   4   5  10
61.25 61.50     I   0   1   5   5
61.50 62.00     V   7   5   5   0
62.00 62.50     I   0   1   5   5
62.50 63.25    IV   5   4   5  10
63.25 63.50     I   0   1   5   5
63.50 64.00     V   7   5   5   0
64.00 64.50     I   0   1   5   5
64.50 65.25    IV   5   4   5  10
65.25 65.50     I   0   1   5   5
65.50 66.00     V   7   5   5   0
66.00 66.50     I   0   1   5   5
66.50 67.25    IV   5   4   5  10
67.25 67.50     I   0   1   5   5
67.50 68.00     V   7   5   5   0
68.00 68.50     I   0   1   5   5
68.50 69.25    IV   5   4   5  10
69.25 69.50     I   0   1   5   5
69.50 70.00     V   7   5   5   0
70.00 70.50     I   0   1   5   5
70.50 71.25    IV   5   4   5  10
71.25 71.50     I   0   1   5   5
71.50 72.00     V   7   5   5   0
72.00 72.50     I   0   1   5   5
72.50 73.25    IV   5   4   5  10
73.25 73.50     I   0   1   5   5
73.50 74.00     V   7   5   5   0
74.00 74.50     I   0   1   5   5
74.50 75.25    IV   5   4   5  10
75.25 75.50     I   0   1   5   5
75.50 76.00     V   7   5   5   0
76.00 76.50     I   0   1   5   5
76.50 77.25    IV   5   4   5  10
77.25 77.50     I   0   1   5   5
77.50 78.00     V   7   5   5   0
78.00 78.50     I   0   1   5   5
78.50 79.25    IV   5   4   5  10
79.25 79.50     I   0   1   5   5
79.50 80.00     V   7   5   5   0
80.00 80.50     I   0   1   5   5
80.50 81.25    IV   5   4   5  10
81.25 81.50     I   0   1   5   5
81.50 82.00     V   7   5   5   0
82.00 82.50     I   0   1   5   5
82.50 83.25    IV   5   4   5  10
83.25 83.50     I   0   1   5   5
83.50 84.00     V   7   5   5   0
84.00 84.50     I   0   1   5   5
84.50 85.25    IV   5   4   5  10
85.25 85.50     I   0   1   5   5
85.50 86.00     V   7   5   5   0
---
