 0.00  0.50     I   0   1   7   7
 0.50  1.00 iii64   4   3   7  11
 1.00  1.50    vi   9   6   7   4
 1.50  2.00   iv6   5   4   7   0
 2.00  2.50 viix7/V   6   4   7   1
 2.50  3.00   I64   0   1   7   7
 3.00  3.50   ii7   2   2   7   9
 3.50  4.00    V7   7   5   7   2
 4.00  5.00     I   0   1   7   7
 5.00  6.00 V7/vi   4   3   7  11
 6.00  6.50    vi   9   6   7   4
 6.50  7.00 V43/IV   0   1   7   7
 7.00  7.50  IVd7   5   4   7   0
 7.50  8.00 viix7/V   6   4   7   1
 8.00  8.50   I64   0   1   7   7
 8.50  9.00 V7/ii   9   6   7   4
 9.00  9.50  V7/V   2   2   7   9
 9.50 10.00    V7   7   5   7   2
10.00 10.50 bVIId7  10   7   7   5
10.50 11.00 V7/ii   9   6   7   4
11.00 11.50  V7/V   2   2   7   9
11.50 12.00    V7   7   5   7   2
12.00 13.00     I   0   1   7   7
13.00 14.00 V7/vi   4   3   7  11
14.00 14.50    vi   9   6   7   4
14.50 15.00 V43/IV   0   1   7   7
15.00 15.50  IVd7   5   4   7   0
15.50 16.00 viix7/V   6   4   7   1
16.00 16.50   I64   0   1   7   7
16.50 17.00 V7/ii   9   6   7   4
17.00 17.50  V7/V   2   2   7   9
17.50 18.00    V7   7   5   7   2
18.00 18.50     I   0   1   7   7
18.50 19.00  IVd7   5   4   7   0
19.00 19.50     I   0   1   7   7
19.50 20.00 V7/vi   4   3   7  11
20.00 23.50    vi   9   6   7   4
23.50 24.00 IV/vi   2   2   7   9
24.00 25.50    vi   9   6   7   4
25.50 26.00 V7/iii  11   7   7   6
26.00 26.50   iii   4   3   7  11
26.50 27.00 V7/ii   9   6   7   4
27.00 27.50  V7/V   2   2   7   9
27.50 28.00     V   7   5   7   2
28.00 29.00     I   0   1   7   7
29.00 30.00 V7/vi   4   3   7  11
30.00 30.50    vi   9   6   7   4
30.50 31.00 V43/IV   0   1   7   7
31.00 31.50  IVd7   5   4   7   0
31.50 32.00 viix7/V   6   4   7   1
32.00 32.50   I64   0   1   7   7
32.50 33.00 V7/ii   9   6   7   4
33.00 33.50  V7/V   2   2   7   9
33.50 34.00    V7   7   5   7   2
34.00 34.50     I   0   1   7   7
34.50 35.00  IVd7   5   4   7   0
35.00 35.50     I   0   1   7   7
35.50 36.00 V7/vi   4   3   7  11
36.00 36.50    vi   9   6   7   4
36.50 37.00    ii   2   2   7   9
37.00 37.50    vi   9   6   7   4
37.50 38.00  IVd7   5   4   7   0
38.00 38.50    vi   9   6   7   4
38.50 39.00    ii   2   2   7   9
39.00 39.50    vi   9   6   7   4
39.50 40.00    II   2   2   7   9
40.00 40.50    vi   9   6   7   4
40.50 41.00    ii   2   2   7   9
41.00 41.50    iv   5   4   7   0
41.50 42.00 V7/iii  11   7   7   6
42.00 42.50   iii   4   3   7  11
42.50 43.00 bIIId7   3   3   7  10
43.00 43.50   ii7   2   2   7   9
43.50 44.00    V7   7   5   7   2
44.00 45.00     I   0   1   7   7
45.00 46.00 V7/vi   4   3   7  11
46.00 46.50    vi   9   6   7   4
46.50 47.00 V43/IV   0   1   7   7
47.00 47.50  IVd7   5   4   7   0
47.50 48.00 viix7/V   6   4   7   1
48.00 48.50   I64   0   1   7   7
48.50 49.00 V7/ii   9   6   7   4
49.00 49.50  V7/V   2   2   7   9
49.50 50.00    V7   7   5   7   2
50.00 51.00 iih43/ii   4   3   7  11
51.00 52.00 V7/ii   9   6   7   4
52.00 53.00  V7/V   2   2   7   9
53.00 54.00    V7   7   5   7   2
54.00 54.33     I   0   1   7   7
54.33 54.67    IV   5   4   7   0
54.67 55.00 viix7/V   6   4   7   1
55.00 55.25   I64   0   1   7   7
55.25 55.50 bIId7   1   2   7   8
55.50 56.00   Id7   0   1   7   7
---
