 0.00  1.00     I   0   1   1   1
 1.00  2.00  bVII  10   7   1  11
 2.00  3.00   bVI   8   6   1   9
 3.00  4.00  bVII  10   7   1  11
 4.00  5.00     I   0   1   1   1
 5.00  6.00  bVII  10   7   1  11
 6.00  7.00   bVI   8   6   1   9
 7.00  8.00  bVII  10   7   1  11
 8.00  9.00     I   0   1   1   1
 9.00 10.00  bVII  10   7   1  11
10.00 11.00   bVI   8   6   1   9
11.00 12.00  bVII  10   7   1  11
12.00 13.00     I   0   1   1   1
13.00 14.00  bVII  10   7   1  11
14.00 15.00   bVI   8   6   1   9
15.00 16.00  bVII  10   7   1  11
16.00 17.00     I   0   1   1   1
17.00 18.00  bVII  10   7   1  11
18.00 19.00   bVI   8   6   1   9
19.00 20.00  bVII  10   7   1  11
20.00 21.00     I   0   1   1   1
21.00 22.00  bVII  10   7   1  11
22.00 23.00   bVI   8   6   1   9
23.00 24.00  bVII  10   7   1  11
24.00 33.00     I   0   1   1   1
33.00 34.00  bVII  10   7   1  11
34.00 35.00   bVI   8   6   1   9
35.00 36.00  bVII  10   7   1  11
36.00 37.00     I   0   1   1   1
37.00 38.00  bVII  10   7   1  11
38.00 39.00   bVI   8   6   1   9
39.00 40.00  bVII  10   7   1  11
40.00 53.00     I   0   1   1   1
53.00 54.00  bVII  10   7   1  11
54.00 55.00   bVI   8   6   1   9
55.00 56.00  bVII  10   7   1  11
56.00 57.00     I   0   1   1   1
57.00 58.00  bVII  10   7   1  11
58.00 59.00   bVI   8   6   1   9
59.00 60.00  bVII  10   7   1  11
60.00 69.00     I   0   1   1   1
69.00 70.00  bVII  10   7   1  11
70.00 71.00   bVI   8   6   1   9
71.00 72.00  bVII  10   7   1  11
72.00 73.00     I   0   1   1   1
73.00 74.00  bVII  10   7   1  11
74.00 75.00   bVI   8   6   1   9
75.00 76.00  bVII  10   7   1  11
76.00 77.00     I   0   1   1   1
77.00 78.00  bVII  10   7   1  11
78.00 79.00   bVI   8   6   1   9
79.00 80.00  bVII  10   7   1  11
80.00 81.00     I   0   1   1   1
81.00 82.00  bVII  10   7   1  11
82.00 83.00   bVI   8   6   1   9
83.00 84.00  bVII  10   7   1  11
84.00 85.00     I   0   1   1   1
85.00 86.00  bVII  10   7   1  11
86.00 87.00   bVI   8   6   1   9
87.00 88.00  bVII  10   7   1  11
88.00 89.00     I   0   1   1   1
89.00 90.00  bVII  10   7   1  11
90.00 91.00   bVI   8   6   1   9
91.00 92.00  bVII  10   7   1  11
92.00 105.00     I   0   1   1   1
105.00 106.00  bVII  10   7   1  11
106.00 107.00   bVI   8   6   1   9
107.00 108.00  bVII  10   7   1  11
108.00 109.00     I   0   1   1   1
109.00 110.00  bVII  10   7   1  11
110.00 111.00   bVI   8   6   1   9
111.00 112.00  bVII  10   7   1  11
112.00 113.00     I   0   1   1   1
113.00 114.00  bVII  10   7   1  11
114.00 115.00   bVI   8   6   1   9
115.00 116.00  bVII  10   7   1  11
116.00 117.00     I   0   1   1   1
117.00 118.00  bVII  10   7   1  11
118.00 119.00   bVI   8   6   1   9
119.00 120.00  bVII  10   7   1  11
120.00 121.00     I   0   1   1   1
121.00 122.00  bVII  10   7   1  11
122.00 123.00   bVI   8   6   1   9
123.00 124.00  bVII  10   7   1  11
124.00 125.00     I   0   1   1   1
125.00 126.00  bVII  10   7   1  11
126.00 127.00   bVI   8   6   1   9
127.00 128.00  bVII  10   7   1  11
---
