 0.00  5.00     I   0   1   5   5
 5.00  6.00     V   7   5   5   0
 6.00  9.00    IV   5   4   5  10
 9.00 13.00     I   0   1   5   5
13.00 14.00     V   7   5   5   0
14.00 17.00    IV   5   4   5  10
17.00 18.00     I   0   1   5   5
18.00 19.00    vi   9   6   5   2
19.00 20.00    IV   5   4   5  10
20.00 22.00     V   7   5   5   0
22.00 23.00    vi   9   6   5   2
23.00 24.00    IV   5   4   5  10
24.00 26.00     V   7   5   5   0
26.00 27.00    vi   9   6   5   2
27.00 28.00    IV   5   4   5  10
28.00 30.00     V   7   5   5   0
30.00 33.00     I   0   1   5   5
33.00 34.00     V   7   5   5   0
34.00 37.00    IV   5   4   5  10
37.00 41.00     I   0   1   5   5
41.00 42.00     V   7   5   5   0
42.00 45.00    IV   5   4   5  10
45.00 46.00     I   0   1   5   5
46.00 47.00    vi   9   6   5   2
47.00 48.00    IV   5   4   5  10
48.00 50.00     V   7   5   5   0
50.00 51.00    vi   9   6   5   2
51.00 52.00    IV   5   4   5  10
52.00 54.00     V   7   5   5   0
54.00 55.00    vi   9   6   5   2
55.00 56.00    IV   5   4   5  10
56.00 58.00     V   7   5   5   0
58.00 61.00     I   0   1   5   5
61.00 62.00     V   7   5   5   0
62.00 65.00    IV   5   4   5  10
65.00 69.00     I   0   1   5   5
69.00 70.00     V   7   5   5   0
70.00 73.00    IV   5   4   5  10
73.00 74.00     I   0   1   5   5
74.00 75.00    vi   9   6   5   2
75.00 76.00    IV   5   4   5  10
76.00 78.00     V   7   5   5   0
78.00 79.00    vi   9   6   5   2
79.00 80.00    IV   5   4   5  10
80.00 82.00     V   7   5   5   0
82.00 83.00    vi   9   6   5   2
83.00 84.00    IV   5   4   5  10
84.00 86.00     V   7   5   5   0
86.00 87.00    vi   9   6   5   2
87.00 88.00    IV   5   4   5  10
88.00 90.00     V   7   5   5   0
90.00 91.00    vi   9   6   5   2
91.00 92.00    IV   5   4   5  10
92.00 94.00     V   7   5   5   0
94.00 95.00    vi   9   6   5   2
95.00 96.00    IV   5   4   5  10
96.00 98.00     V   7   5   5   0
98.00 99.00    vi   9   6   5   2
99.00 100.00    IV   5   4   5  10
100.00 102.00     V   7   5   5   0
102.00 103.00    vi   9   6   5   2
103.00 104.00    IV   5   4   5  10
104.00 106.00     V   7   5   5   0
106.00 107.00    vi   9   6   5   2
107.00 108.00    IV   5   4   5  10
108.00 110.00     V   7   5   5   0
110.00 111.00    vi   9   6   5   2
111.00 112.00    IV   5   4   5  10
112.00 114.00     V   7   5   5   0
114.00 115.00    vi   9   6   5   2
115.00 116.00    IV   5   4   5  10
116.00 118.00     V   7   5   5   0
118.00 119.00    vi   9   6   5   2
119.00 120.00    IV   5   4   5  10
120.00 122.00     V   7   5   5   0
---
