 0.00  1.00    IV   5   4   4   9
 1.00  2.00     I   0   1   4   4
 2.00  3.00    IV   5   4   4   9
 3.00  4.00     I   0   1   4   4
 4.00  5.00    IV   5   4   4   9
 5.00  6.00    I6   0   1   4   4
 6.00  7.00    ii   2   2   4   6
 7.00  8.00  IV64   5   4   4   9
 8.00  9.00 bVII64  10   7   4   2
 9.00 10.00 iih65/ii   4   3   4   8
10.00 11.00    ii   2   2   4   6
11.00 12.00   V42   7   5   4  11
12.00 13.00   I64   0   1   4   4
13.00 14.00 viix42  11   7   4   3
14.00 15.00   I64   0   1   4   4
15.00 16.00 viih7/V   6   4   4  10
16.00 17.00    IV   5   4   4   9
17.00 18.00    I6   0   1   4   4
18.00 19.00   ii7   2   2   4   6
19.00 20.00     I   0   1   4   4
20.00 21.00 bVII64  10   7   4   2
21.00 22.00 iih65/ii   4   3   4   8
22.00 23.00    ii   2   2   4   6
23.00 24.00   V42   7   5   4  11
24.00 25.00   I64   0   1   4   4
25.00 26.00 viix42  11   7   4   3
26.00 27.00   I64   0   1   4   4
27.00 28.00 viih7/V   6   4   4  10
28.00 29.00    IV   5   4   4   9
29.00 30.00    I6   0   1   4   4
30.00 31.00   ii7   2   2   4   6
31.00 32.00  IV64   5   4   4   9
32.00 33.00  bIII   3   3   4   7
33.00 34.00  IV64   5   4   4   9
34.00 35.00  bIII   3   3   4   7
35.00 36.00 bVII64  10   7   9   7
36.00 37.00 iih65/ii   4   3   9   1
37.00 38.00    ii   2   2   9  11
38.00 39.00   V42   7   5   9   4
39.00 40.00   I64   0   1   9   9
40.00 41.00 viix42  11   7   9   8
41.00 42.00   I64   0   1   9   9
42.00 43.00 viih7/V   6   4   9   3
43.00 44.00    IV   5   4   9   2
44.00 45.00    I6   0   1   9   9
45.00 46.00   ii7   2   2   9  11
46.00 47.00 bVII64  10   7   4   2
47.00 48.00 iih65/ii   4   3   4   8
48.00 49.00    ii   2   2   4   6
49.00 50.00   V42   7   5   4  11
50.00 51.00   I64   0   1   4   4
51.00 52.00 viix42  11   7   4   3
52.00 53.00   I64   0   1   4   4
53.00 54.00 viih7/V   6   4   4  10
54.00 55.00    IV   5   4   4   9
55.00 56.00    I6   0   1   4   4
56.00 57.00   ii7   2   2   4   6
57.00 58.00    I6   0   1   4   4
58.00 59.00    IV   5   4   4   9
59.00 60.00    I6   0   1   4   4
60.00 61.00   ii7   2   2   4   6
61.00 62.00    I6   0   1   4   4
62.00 63.00    IV   5   4   4   9
63.00 64.00    I6   0   1   4   4
64.00 65.00   ii7   2   2   4   6
65.00 66.00    I6   0   1   4   4
66.00 67.00    IV   5   4   4   9
67.00 68.00    I6   0   1   4   4
68.00 69.00   ii7   2   2   4   6
69.00 70.00    I6   0   1   4   4
70.00 71.00    IV   5   4   4   9
71.00 72.00    I6   0   1   4   4
72.00 73.00   ii7   2   2   4   6
73.00 74.00    I6   0   1   4   4
74.00 75.00    IV   5   4   4   9
75.00 76.00    I6   0   1   4   4
76.00 77.00   ii7   2   2   4   6
77.00 78.00    I6   0   1   4   4
78.00 79.00    IV   5   4   4   9
79.00 80.00    I6   0   1   4   4
80.00 81.00   ii7   2   2   4   6
81.00 82.00    I6   0   1   4   4
---
