 0.00  4.00     I   0   1   7   7
 4.00  6.00    IV   5   4   7   0
 6.00  8.00     I   0   1   7   7
 8.00  9.00     V   7   5   7   2
 9.00 10.00    IV   5   4   7   0
10.00 16.00     I   0   1   7   7
16.00 18.00    IV   5   4   7   0
18.00 20.00     I   0   1   7   7
20.00 21.00     V   7   5   7   2
21.00 22.00    IV   5   4   7   0
22.00 29.00     I   0   1   7   7
29.00 31.00    IV   5   4   7   0
31.00 33.00     I   0   1   7   7
33.00 34.00     V   7   5   7   2
34.00 35.00    IV   5   4   7   0
35.00 42.00     I   0   1   7   7
42.00 44.00    IV   5   4   7   0
44.00 46.00     I   0   1   7   7
46.00 47.00     V   7   5   7   2
47.00 48.00    IV   5   4   7   0
48.00 54.00     I   0   1   7   7
54.00 56.00    IV   5   4   7   0
56.00 58.00     I   0   1   7   7
58.00 59.00     V   7   5   7   2
59.00 60.00    IV   5   4   7   0
60.00 66.00     I   0   1   7   7
66.00 68.00    IV   5   4   7   0
68.00 70.00     I   0   1   7   7
70.00 71.00     V   7   5   7   2
71.00 72.00    IV   5   4   7   0
72.00 79.00     I   0   1   7   7
79.00 81.00    IV   5   4   7   0
81.00 83.00     I   0   1   7   7
83.00 84.00     V   7   5   7   2
84.00 85.00    IV   5   4   7   0
85.00 87.00     I   0   1   7   7
---
