 0.00  2.00     i   0   1   3   3
 2.00  4.00   v65   7   5   3  10
 4.00  6.00  iv65   5   4   3   8
 6.00  8.00     V   7   5   3  10
 8.00 10.00     i   0   1   3   3
10.00 12.00   v65   7   5   3  10
12.00 14.00  iv65   5   4   3   8
14.00 15.00     V   7   5   3  10
15.00 16.00     V   7   5   6   1
16.00 16.50     I   0   1   6   6
16.50 17.00    IV   5   4   6  11
17.00 17.50     I   0   1   6   6
17.50 18.00    IV   5   4   6  11
18.00 18.50     I   0   1   6   6
18.50 19.00    IV   5   4   6  11
19.00 19.50     I   0   1   6   6
19.50 20.00    IV   5   4   6  11
20.00 20.50     I   0   1   6   6
20.50 21.00    IV   5   4   6  11
21.00 21.50     I   0   1   6   6
21.50 22.00    IV   5   4   6  11
22.00 22.50     I   0   1   6   6
22.50 23.00    IV   5   4   6  11
23.00 23.50     I   0   1   6   6
23.50 24.00    IV   5   4   6  11
24.00 24.50     I   0   1   8   8
24.50 25.00    IV   5   4   8   1
25.00 25.50     I   0   1   8   8
25.50 26.00    IV   5   4   8   1
26.00 26.50     I   0   1   8   8
26.50 27.00    IV   5   4   8   1
27.00 27.50     I   0   1   8   8
27.50 28.00    IV   5   4   8   1
28.00 28.50     I   0   1  10  10
28.50 29.00    IV   5   4  10   3
29.00 29.50     I   0   1  10  10
29.50 30.00    IV   5   4  10   3
30.00 30.50     I   0   1  10  10
30.50 31.00    IV   5   4  10   3
31.00 31.50     I   0   1  10  10
31.50 32.00    IV   5   4  10   3
32.00 34.00     i   0   1   3   3
34.00 36.00   v65   7   5   3  10
36.00 38.00  iv65   5   4   3   8
38.00 40.00     V   7   5   3  10
40.00 42.00     i   0   1   3   3
42.00 44.00   v65   7   5   3  10
44.00 46.00  iv65   5   4   3   8
46.00 47.00     V   7   5   3  10
47.00 48.00     V   7   5   6   1
48.00 48.50     I   0   1   6   6
48.50 49.00    IV   5   4   6  11
49.00 49.50     I   0   1   6   6
49.50 50.00    IV   5   4   6  11
50.00 50.50     I   0   1   6   6
50.50 51.00    IV   5   4   6  11
51.00 51.50     I   0   1   6   6
51.50 52.00    IV   5   4   6  11
52.00 52.50     I   0   1   6   6
52.50 53.00    IV   5   4   6  11
53.00 53.50     I   0   1   6   6
53.50 54.00    IV   5   4   6  11
54.00 54.50     I   0   1   6   6
54.50 55.00    IV   5   4   6  11
55.00 55.50     I   0   1   6   6
55.50 56.00    IV   5   4   6  11
56.00 56.50     I   0   1   8   8
56.50 57.00    IV   5   4   8   1
57.00 57.50     I   0   1   8   8
57.50 58.00    IV   5   4   8   1
58.00 58.50     I   0   1   8   8
58.50 59.00    IV   5   4   8   1
59.00 59.50     I   0   1   8   8
59.50 60.00    IV   5   4   8   1
60.00 60.50     I   0   1  10  10
60.50 61.00    IV   5   4  10   3
61.00 61.50     I   0   1  10  10
61.50 62.00    IV   5   4  10   3
62.00 62.50     I   0   1  10  10
62.50 63.00    IV   5   4  10   3
63.00 63.50     I   0   1  10  10
63.50 64.00    IV   5   4  10   3
64.00 64.50     I   0   1  10  10
64.50 65.00    IV   5   4  10   3
65.00 65.50     I   0   1  10  10
65.50 66.00    IV   5   4  10   3
66.00 66.50     I   0   1  10  10
66.50 67.00    IV   5   4  10   3
67.00 67.50     I   0   1  10  10
67.50 68.00    IV   5   4  10   3
68.00 68.50     I   0   1  10  10
68.50 69.00    IV   5   4  10   3
69.00 69.50     I   0   1  10  10
69.50 70.00    IV   5   4  10   3
70.00 70.50     I   0   1  10  10
70.50 71.00    IV   5   4  10   3
71.00 71.50     I   0   1  10  10
71.50 72.00    IV   5   4  10   3
72.00 72.50     I   0   1  10  10
72.50 73.00    IV   5   4  10   3
73.00 73.50     I   0   1  10  10
73.50 74.00    IV   5   4  10   3
74.00 74.50     I   0   1  10  10
74.50 75.00    IV   5   4  10   3
75.00 75.50     I   0   1  10  10
75.50 78.50    IV   5   4  10   3
78.50 79.00  bVII  10   7  10   8
79.00 79.50    IV   5   4  10   3
79.50 80.00  bVII  10   7  10   8
80.00 80.50     I   0   1  10  10
80.50 81.00    IV   5   4  10   3
81.00 81.50     I   0   1  10  10
81.50 82.00    IV   5   4  10   3
82.00 82.50     I   0   1  10  10
82.50 83.00    IV   5   4  10   3
83.00 83.50     I   0   1  10  10
83.50 84.00    IV   5   4  10   3
84.00 86.00     I   0   1   5   5
86.00 87.00    ii   2   2   5   7
87.00 88.00     V   7   5   5   0
88.00 90.00     I   0   1   5   5
90.00 91.00    ii   2   2   5   7
91.00 92.00     V   7   5   5   0
92.00 94.00     I   0   1   5   5
94.00 95.00    ii   2   2   5   7
95.00 96.00     V   7   5   5   0
96.00 98.00     I   0   1   5   5
98.00 99.00    ii   2   2   5   7
99.00 100.00     V   7   5   5   0
100.00 102.00     I   0   1   5   5
102.00 103.00    ii   2   2   5   7
103.00 104.00     V   7   5   5   0
104.00 106.00     I   0   1   5   5
106.00 108.00   V11   7   5  10   5
108.00 108.50     I   0   1  10  10
108.50 109.00    IV   5   4  10   3
109.00 109.50     I   0   1  10  10
109.50 110.00    IV   5   4  10   3
110.00 110.50     I   0   1  10  10
110.50 111.00    IV   5   4  10   3
111.00 111.50     I   0   1  10  10
111.50 112.00    IV   5   4  10   3
112.00 112.50     I   0   1   8   8
112.50 113.00    IV   5   4   8   1
113.00 113.50     I   0   1   8   8
113.50 114.00    IV   5   4   8   1
114.00 114.50     I   0   1   8   8
114.50 115.00    IV   5   4   8   1
115.00 115.50     I   0   1   8   8
115.50 116.00    IV   5   4   8   1
116.00 120.00     I   0   1   6   6
120.00 122.00     I   0   1   8   8
122.00 124.00     I   0   1  10  10
124.00 126.50     I   0   1   8   8
126.50 127.00    IV   5   4   8   1
127.00 127.50     I   0   1   8   8
127.50 128.00    IV   5   4   8   1
128.00 128.50     I   0   1   8   8
128.50 129.00    IV   5   4   8   1
129.00 129.50     I   0   1   8   8
129.50 130.00    IV   5   4   8   1
---
