 0.00  2.00     I   0   1   0   0
 2.00  4.00    IV   5   4   0   5
 4.00  5.00     V   7   5   0   7
 5.00  6.00    IV   5   4   0   5
 6.00 10.00     I   0   1   0   0
10.00 12.00    IV   5   4   0   5
12.00 13.00     V   7   5   0   7
13.00 14.00    IV   5   4   0   5
14.00 16.00     I   0   1   0   0
16.00 18.00    IV   5   4   0   5
18.00 20.00     I   0   1   0   0
20.00 22.00    IV   5   4   0   5
22.00 28.00     V   7   5   0   7
28.00 30.00     I   0   1   0   0
30.00 32.00    IV   5   4   0   5
32.00 33.00     V   7   5   0   7
33.00 34.00    IV   5   4   0   5
34.00 38.00     I   0   1   0   0
38.00 40.00    IV   5   4   0   5
40.00 41.00     V   7   5   0   7
41.00 42.00    IV   5   4   0   5
42.00 46.00     I   0   1   0   0
46.00 48.00    IV   5   4   0   5
48.00 49.00     V   7   5   0   7
49.00 50.00    IV   5   4   0   5
50.00 52.00     I   0   1   0   0
52.00 54.00    IV   5   4   0   5
54.00 56.00     I   0   1   0   0
56.00 58.00    IV   5   4   0   5
58.00 64.00     V   7   5   0   7
64.00 66.00     I   0   1   0   0
66.00 68.00    IV   5   4   0   5
68.00 69.00     V   7   5   0   7
69.00 70.00    IV   5   4   0   5
70.00 73.00     I   0   1   0   0
---
