 0.00  2.00  IVd7   5   4   0   5
 2.00  4.00    vi   9   6   0   9
 4.00  6.00  IVd7   5   4   0   5
 6.00  8.00    vi   9   6   0   9
 8.00 10.00  IVd7   5   4   0   5
10.00 12.00    vi   9   6   0   9
12.00 14.00  IVd7   5   4   0   5
14.00 15.00    vi   9   6   0   9
15.00 16.00  iih7   2   2   0   2
16.00 20.00  IV64   5   4   0   5
20.00 21.00     I   0   1   0   0
21.00 22.00    vi   9   6   0   9
22.00 23.00     I   0   1   0   0
23.00 24.00    vi   9   6   0   9
24.00 25.00     I   0   1   0   0
25.00 26.00    vi   9   6   0   9
26.00 27.00     I   0   1   0   0
27.00 28.00    vi   9   6   0   9
28.00 29.00     I   0   1   0   0
29.00 30.00    vi   9   6   0   9
30.00 31.00     I   0   1   0   0
31.00 32.00    vi   9   6   0   9
32.00 33.50    IV   5   4   0   5
33.50 34.00     V   7   5   0   7
34.00 35.00     I   0   1   0   0
35.00 36.00     V   7   5   0   7
36.00 37.00     I   0   1   0   0
37.00 37.50    IV   5   4   0   5
37.50 38.00     V   7   5   0   7
38.00 39.00    vi   9   6   0   9
39.00 40.00    IV   5   4   0   5
40.00 41.00     V   7   5   0   7
41.00 42.00 V7/vi   4   3   0   4
42.00 44.00    vi   9   6   0   9
44.00 46.00    IV   5   4   0   5
46.00 48.00    vi   9   6   0   9
48.00 50.00    IV   5   4   0   5
50.00 51.00     I   0   1   0   0
51.00 52.00     V   7   5   0   7
52.00 53.00     I   0   1   0   0
53.00 54.00    vi   9   6   0   9
54.00 55.00     I   0   1   0   0
55.00 56.00    vi   9   6   0   9
56.00 57.00     I   0   1   0   0
57.00 58.00    vi   9   6   0   9
58.00 59.00     I   0   1   0   0
59.00 60.00    vi   9   6   0   9
60.00 61.50    IV   5   4   0   5
61.50 62.00     V   7   5   0   7
62.00 63.00     I   0   1   0   0
63.00 64.00     V   7   5   0   7
64.00 65.00     I   0   1   0   0
65.00 65.50    IV   5   4   0   5
65.50 66.00     V   7   5   0   7
66.00 67.00    vi   9   6   0   9
67.00 68.00    IV   5   4   0   5
68.00 69.00     V   7   5   0   7
69.00 70.00 V7/vi   4   3   0   4
70.00 72.00    vi   9   6   0   9
72.00 74.00    IV   5   4   0   5
74.00 76.00    vi   9   6   0   9
76.00 78.00    IV   5   4   0   5
78.00 79.00     I   0   1   0   0
79.00 80.00     V   7   5   0   7
80.00 81.00     I   0   1   0   0
81.00 82.00    vi   9   6   0   9
82.00 83.00     I   0   1   0   0
83.00 84.00    vi   9   6   0   9
84.00 85.00     I   0   1   0   0
85.00 86.00    vi   9   6   0   9
86.00 87.00     I   0   1   0   0
87.00 88.00    vi   9   6   0   9
88.00 89.50    IV   5   4   0   5
89.50 90.00     V   7   5   0   7
90.00 91.00     I   0   1   0   0
91.00 92.00     V   7   5   0   7
92.00 93.00     I   0   1   0   0
93.00 93.50    IV   5   4   0   5
93.50 94.00     V   7   5   0   7
94.00 95.00    vi   9   6   0   9
95.00 96.00    IV   5   4   0   5
96.00 97.00     V   7   5   0   7
97.00 98.00 V7/vi   4   3   0   4
98.00 100.00    vi   9   6   0   9
100.00 102.00    IV   5   4   0   5
102.00 104.00    vi   9   6   0   9
104.00 106.00    IV   5   4   0   5
106.00 107.00     I   0   1   0   0
107.00 108.00     V   7   5   0   7
108.00 109.00     I   0   1   0   0
109.00 110.00    vi   9   6   0   9
110.00 111.00     I   0   1   0   0
111.00 112.00    vi   9   6   0   9
112.00 113.00     I   0   1   0   0
113.00 114.00    vi   9   6   0   9
114.00 115.00     I   0   1   0   0
115.00 116.00    vi   9   6   0   9
116.00 117.50    IV   5   4   0   5
117.50 118.00     V   7   5   0   7
118.00 119.00     I   0   1   0   0
119.00 120.00     V   7   5   0   7
120.00 121.00     I   0   1   0   0
121.00 121.50    IV   5   4   0   5
121.50 122.00     V   7   5   0   7
122.00 123.00    vi   9   6   0   9
123.00 124.00    IV   5   4   0   5
124.00 125.00     V   7   5   0   7
125.00 126.00 V7/vi   4   3   0   4
126.00 128.00    vi   9   6   0   9
128.00 130.00    IV   5   4   0   5
130.00 132.00    vi   9   6   0   9
132.00 134.00    IV   5   4   0   5
134.00 135.00     I   0   1   0   0
135.00 136.00     V   7   5   0   7
136.00 138.00    IV   5   4   0   5
138.00 140.00    vi   9   6   0   9
140.00 142.00    IV   5   4   0   5
142.00 143.00     I   0   1   0   0
143.00 144.00     V   7   5   0   7
144.00 145.00     I   0   1   0   0
145.00 146.00    vi   9   6   0   9
146.00 147.00     I   0   1   0   0
147.00 148.00    vi   9   6   0   9
148.00 152.00    IV   5   4   0   5
152.00 153.00     I   0   1   0   0
153.00 153.50    IV   5   4   0   5
153.50 154.00     V   7   5   0   7
154.00 155.00    vi   9   6   0   9
155.00 156.00   IV6   5   4   0   5
156.00 158.00     V   7   5   0   7
158.00 160.00    vi   9   6   0   9
160.00 162.00    IV   5   4   0   5
162.00 164.00     V   7   5   0   7
164.00 165.00     I   0   1   0   0
165.00 166.00    vi   9   6   0   9
166.00 167.00     I   0   1   0   0
167.00 168.00    vi   9   6   0   9
168.00 169.50    IV   5   4   0   5
169.50 170.00     V   7   5   0   7
170.00 171.00     I   0   1   0   0
171.00 173.00     V   7   5   0   7
173.00 174.00     I   0   1   0   0
174.00 174.50    IV   5   4   0   5
174.50 175.00     V   7   5   0   7
175.00 176.00    vi   9   6   0   9
176.00 177.00    IV   5   4   0   5
177.00 178.00     V   7   5   0   7
178.00 179.00 V7/vi   4   3   0   4
179.00 181.00    vi   9   6   0   9
181.00 183.00    IV   5   4   0   5
183.00 185.00    vi   9   6   0   9
185.00 187.00    IV   5   4   0   5
187.00 188.00     I   0   1   0   0
188.00 189.00     V   7   5   0   7
189.00 191.00    IV   5   4   0   5
191.00 193.00    vi   9   6   0   9
193.00 195.00    IV   5   4   0   5
195.00 196.00     I   0   1   0   0
196.00 197.00     V   7   5   0   7
197.00 199.00    IV   5   4   0   5
199.00 201.00    vi   9   6   0   9
201.00 203.00    IV   5   4   0   5
203.00 204.00     I   0   1   0   0
204.00 205.00     V   7   5   0   7
205.00 207.00    IV   5   4   0   5
207.00 209.00    vi   9   6   0   9
209.00 211.00    IV   5   4   0   5
211.00 213.00    vi   9   6   0   9
213.00 214.00    IV   5   4   0   5
214.00 215.00     V   7   5   0   7
215.00 216.00     I   0   1   0   0
---
