 0.00  1.00    v7   7   5   7   2
 1.00  1.50     I   0   1   7   7
 1.50  2.00    IV   5   4   7   0
 2.00  3.00     I   0   1   7   7
 3.00  4.00  bVII  10   7   7   5
 4.00  5.50     I   0   1   7   7
 5.50  6.00    IV   5   4   7   0
 6.00  7.00     I   0   1   7   7
 7.00  8.00  bVII  10   7   7   5
 8.00  9.00     I   0   1   7   7
 9.00 10.00    IV   5   4   7   0
10.00 11.00     V   7   5   7   2
11.00 11.50     I   0   1   7   7
11.50 12.00    IV   5   4   7   0
12.00 13.50     I   0   1   7   7
13.50 14.00    IV   5   4   7   0
14.00 15.00     I   0   1   7   7
15.00 16.00  bVII  10   7   7   5
16.00 17.50     I   0   1   7   7
17.50 18.00    IV   5   4   7   0
18.00 19.00     I   0   1   7   7
19.00 20.00  bVII  10   7   7   5
20.00 21.00     I   0   1   7   7
21.00 22.00    IV   5   4   7   0
22.00 23.00     V   7   5   7   2
23.00 23.50     I   0   1   7   7
23.50 24.00    IV   5   4   7   0
24.00 25.00     I   0   1   7   7
25.00 26.00   iii   4   3   7  11
26.00 27.00    vi   9   6   7   4
27.00 29.00   iii   4   3   7  11
29.00 30.00     I   0   1   7   7
30.00 31.00    vi   9   6   7   4
31.00 32.00    IV   5   4   7   0
32.00 33.00     V   7   5   7   2
33.00 33.50     I   0   1   7   7
33.50 34.00    IV   5   4   7   0
34.00 35.00     I   0   1   7   7
35.00 36.00  bVII  10   7   7   5
36.00 37.50     I   0   1   7   7
37.50 38.00    IV   5   4   7   0
38.00 39.00     I   0   1   7   7
39.00 40.00  bVII  10   7   7   5
40.00 41.00     I   0   1   7   7
41.00 42.00    IV   5   4   7   0
42.00 43.00     V   7   5   7   2
43.00 43.50     I   0   1   7   7
43.50 44.00    IV   5   4   7   0
44.00 45.50     I   0   1   7   7
45.50 46.00    IV   5   4   7   0
46.00 47.00     I   0   1   7   7
47.00 48.00  bVII  10   7   7   5
48.00 49.50     I   0   1   7   7
49.50 50.00    IV   5   4   7   0
50.00 51.00     I   0   1   7   7
51.00 52.00  bVII  10   7   7   5
52.00 53.00     I   0   1   7   7
53.00 54.00    IV   5   4   7   0
54.00 55.00     V   7   5   7   2
55.00 55.50     I   0   1   7   7
55.50 56.00    IV   5   4   7   0
56.00 57.00     I   0   1   7   7
57.00 58.00   iii   4   3   7  11
58.00 59.00    vi   9   6   7   4
59.00 61.00   iii   4   3   7  11
61.00 62.00     I   0   1   7   7
62.00 63.00    vi   9   6   7   4
63.00 64.00    IV   5   4   7   0
64.00 65.00     V   7   5   7   2
65.00 65.50     I   0   1   7   7
65.50 66.00    IV   5   4   7   0
66.00 67.00     I   0   1   7   7
67.00 68.00  bVII  10   7   7   5
68.00 69.50     I   0   1   7   7
69.50 70.00    IV   5   4   7   0
70.00 71.00     I   0   1   7   7
71.00 72.00  bVII  10   7   7   5
72.00 73.00     I   0   1   7   7
73.00 74.00    IV   5   4   7   0
74.00 75.00     V   7   5   7   2
75.00 75.50     I   0   1   7   7
75.50 76.00    IV   5   4   7   0
76.00 76.50     I   0   1   7   7
76.50 77.00    IV   5   4   7   0
77.00 77.50     I   0   1   7   7
77.50 78.00    IV   5   4   7   0
78.00 78.50     I   0   1   7   7
78.50 79.00    IV   5   4   7   0
79.00 79.50     I   0   1   7   7
79.50 80.00    IV   5   4   7   0
80.00 84.00    v7   7   5   7   2
---
