 0.00  4.00     I   0   1   4   4
 4.00  6.00  IVd7   5   4   4   9
 6.00  7.00    V7   7   5   4  11
 7.00 12.00     I   0   1   4   4
12.00 14.00  IVd7   5   4   4   9
14.00 15.00    V7   7   5   4  11
15.00 20.00     I   0   1   4   4
20.00 22.00  IVd7   5   4   4   9
22.00 23.00    V7   7   5   4  11
23.00 28.00     I   0   1   4   4
28.00 30.00  IVd7   5   4   4   9
30.00 31.00    V7   7   5   4  11
31.00 36.00     I   0   1   4   4
36.00 38.00  IVd7   5   4   4   9
38.00 39.00    V7   7   5   4  11
39.00 44.00     I   0   1   4   4
44.00 46.00  IVd7   5   4   4   9
46.00 47.00    V7   7   5   4  11
47.00 48.25     I   0   1   4   4
48.25 48.50  bII7   1   2   4   5
48.50 49.00    I7   0   1   4   4
---
