 0.00  2.00    ii   2   2   9  11
 2.00  4.00  bVII  10   7   9   7
 4.00  6.00     V   7   5   9   4
 6.00 10.00     I   0   1   9   9
10.00 12.00   iii   4   3   9   1
12.00 14.00    vi   9   6   9   6
14.00 14.50    IV   5   4   9   2
14.50 15.00  bVII  10   7   9   7
15.00 18.00     I   0   1   9   9
18.00 20.00   iii   4   3   9   1
20.00 22.00    vi   9   6   9   6
22.00 22.50    IV   5   4   9   2
22.50 23.00  bVII  10   7   9   7
23.00 24.00     I   0   1   9   9
24.00 28.00    ii   2   2   9  11
28.00 32.00  bVII  10   7   9   7
32.00 36.00     V   7   5   9   4
36.00 42.00     I   0   1   9   9
42.00 44.00   iii   4   3   9   1
44.00 46.00    vi   9   6   9   6
46.00 46.50    IV   5   4   9   2
46.50 47.00  bVII  10   7   9   7
47.00 50.00     I   0   1   9   9
50.00 52.00   iii   4   3   9   1
52.00 54.00    vi   9   6   9   6
54.00 54.50    IV   5   4   9   2
54.50 55.00  bVII  10   7   9   7
55.00 56.00     I   0   1   9   9
56.00 60.00    ii   2   2   9  11
60.00 64.00  bVII  10   7   9   7
64.00 68.00     V   7   5   9   4
68.00 74.00     I   0   1   9   9
74.00 76.00   iii   4   3   9   1
76.00 78.00    vi   9   6   9   6
78.00 78.50    IV   5   4   9   2
78.50 79.00  bVII  10   7   9   7
79.00 82.00     I   0   1   9   9
82.00 84.00   iii   4   3   9   1
84.00 86.00    vi   9   6   9   6
86.00 86.50    IV   5   4   9   2
86.50 87.00  bVII  10   7   9   7
87.00 88.00     I   0   1   9   9
88.00 92.00    ii   2   2   9  11
92.00 96.00  bVII  10   7   9   7
96.00 100.00     V   7   5   9   4
100.00 102.00     I   0   1   9   9
102.00 104.00    vi   9   6   9   6
104.00 106.00     I   0   1   9   9
---
