 0.00  2.00     I   0   1   2   2
 2.00  4.00    IV   5   4   2   7
 4.00  6.00     I   0   1   2   2
 6.00  8.00    IV   5   4   2   7
 8.00 10.00     I   0   1   2   2
10.00 12.00    IV   5   4   2   7
12.00 14.00     I   0   1   2   2
14.00 16.00    IV   5   4   2   7
16.00 18.00  bVII  10   7   2   0
18.00 20.00     I   0   1   2   2
20.00 21.00     v   7   5   2   9
21.00 22.00    ii   2   2   2   4
22.00 24.00     I   0   1   2   2
24.00 25.00  bVII  10   7   2   0
25.00 26.00  IVd7   5   4   2   7
26.00 30.00     I   0   1   2   2
30.00 32.00    IV   5   4   2   7
32.00 34.00     I   0   1   2   2
34.00 36.00    IV   5   4   2   7
36.00 38.00     I   0   1   2   2
38.00 40.00    IV   5   4   2   7
40.00 42.00     I   0   1   2   2
42.00 44.00    IV   5   4   2   7
44.00 46.00  bVII  10   7   2   0
46.00 48.00     I   0   1   2   2
48.00 49.00     v   7   5   2   9
49.00 50.00    ii   2   2   2   4
50.00 52.00     I   0   1   2   2
52.00 53.00  bVII  10   7   2   0
53.00 54.00  IVd7   5   4   2   7
54.00 58.00     I   0   1   2   2
58.00 60.00    IV   5   4   2   7
60.00 62.00     I   0   1   2   2
62.00 64.00    IV   5   4   2   7
64.00 66.00     I   0   1   2   2
66.00 68.00    IV   5   4   2   7
68.00 70.00     I   0   1   2   2
70.00 72.00    IV   5   4   2   7
72.00 74.00  bVII  10   7   2   0
74.00 76.00     I   0   1   2   2
76.00 77.00     v   7   5   2   9
77.00 78.00    ii   2   2   2   4
78.00 80.00     I   0   1   2   2
80.00 81.00  bVII  10   7   2   0
81.00 82.00  IVd7   5   4   2   7
82.00 86.00     I   0   1   2   2
86.00 88.00    IV   5   4   2   7
88.00 90.00     I   0   1   2   2
90.00 92.00    IV   5   4   2   7
92.00 94.00     I   0   1   2   2
94.00 96.00    IV   5   4   2   7
96.00 98.00     I   0   1   2   2
98.00 100.00    IV   5   4   2   7
100.00 102.00  bVII  10   7   2   0
102.00 104.00     I   0   1   2   2
104.00 105.00     v   7   5   2   9
105.00 106.00    ii   2   2   2   4
106.00 108.00     I   0   1   2   2
108.00 109.00  bVII  10   7   2   0
109.00 110.00  IVd7   5   4   2   7
110.00 114.00     I   0   1   2   2
114.00 116.00    IV   5   4   2   7
116.00 118.00     I   0   1   2   2
118.00 120.00    IV   5   4   2   7
120.00 122.00     I   0   1   2   2
122.00 124.00    IV   5   4   2   7
124.00 126.00     I   0   1   2   2
126.00 128.00    IV   5   4   2   7
128.00 130.00  bVII  10   7   2   0
130.00 132.00     I   0   1   2   2
132.00 133.00     v   7   5   2   9
133.00 134.00    ii   2   2   2   4
134.00 136.00     I   0   1   2   2
136.00 137.00  bVII  10   7   2   0
137.00 138.00  IVd7   5   4   2   7
138.00 142.00     I   0   1   2   2
142.00 144.00    IV   5   4   2   7
144.00 146.00     I   0   1   2   2
146.00 148.00    IV   5   4   2   7
148.00 150.00     I   0   1   2   2
150.00 152.00    IV   5   4   2   7
152.00 154.00     I   0   1   2   2
154.00 156.00    IV   5   4   2   7
156.00 158.00  bVII  10   7   2   0
158.00 160.00     I   0   1   2   2
160.00 161.00     v   7   5   2   9
161.00 162.00    ii   2   2   2   4
162.00 164.00     I   0   1   2   2
164.00 165.00  bVII  10   7   2   0
165.00 166.00  IVd7   5   4   2   7
166.00 168.00     I   0   1   2   2
---
