 0.00  1.00     I   0   1   5   5
 1.00  3.00     V   7   5   5   0
 3.00  4.00     I   0   1   5   5
 4.00  5.00    IV   5   4   5  10
 5.00  6.00     I   0   1   5   5
 6.00  7.00     V   7   5   5   0
 7.00  9.00     I   0   1   5   5
 9.00 11.00     V   7   5   5   0
11.00 12.00     I   0   1   5   5
12.00 13.00    IV   5   4   5  10
13.00 14.00     I   0   1   5   5
14.00 15.00     V   7   5   5   0
15.00 17.00     I   0   1   5   5
17.00 17.50    IV   5   4   5  10
17.50 18.00    I6   0   1   5   5
18.00 18.50    ii   2   2   5   7
18.50 19.00   vi6   9   6   5   2
19.00 20.00    V6   7   5   5   0
20.00 22.00     I   0   1   5   5
22.00 22.50    IV   5   4   5  10
22.50 23.00    I6   0   1   5   5
23.00 23.50    ii   2   2   5   7
23.50 24.00   vi6   9   6   5   2
24.00 25.00    V6   7   5   5   0
25.00 27.00     I   0   1   5   5
27.00 29.00     V   7   5   5   0
29.00 30.00     I   0   1   5   5
30.00 32.00     V   7   5   5   0
32.00 33.00     I   0   1   5   5
33.00 34.00    IV   5   4   5  10
34.00 35.00     I   0   1   5   5
35.00 36.00     V   7   5   5   0
36.00 38.00     I   0   1   5   5
38.00 38.50    IV   5   4   5  10
38.50 39.00    I6   0   1   5   5
39.00 39.50    ii   2   2   5   7
39.50 40.00   vi6   9   6   5   2
40.00 41.00    V6   7   5   5   0
41.00 43.00     I   0   1   5   5
43.00 43.50    IV   5   4   5  10
43.50 44.00    I6   0   1   5   5
44.00 44.50    ii   2   2   5   7
44.50 45.00   vi6   9   6   5   2
45.00 46.00    V6   7   5   5   0
46.00 48.00     I   0   1   5   5
48.00 50.00     V   7   5   5   0
50.00 51.00     I   0   1   5   5
51.00 53.00     V   7   5   5   0
53.00 54.00     I   0   1   5   5
54.00 55.00    IV   5   4   5  10
55.00 56.00     I   0   1   5   5
56.00 57.00     V   7   5   5   0
57.00 60.00     I   0   1   5   5
60.00 61.00  bVII  10   7   5   3
61.00 62.00    IV   5   4   5  10
62.00 64.00     I   0   1   5   5
64.00 65.00  bVII  10   7   5   3
65.00 66.00    IV   5   4   5  10
66.00 68.00     I   0   1   5   5
68.00 69.00  bVII  10   7   5   3
69.00 70.00    IV   5   4   5  10
70.00 72.00     I   0   1   5   5
72.00 73.00  bVII  10   7   5   3
73.00 74.00    IV   5   4   5  10
74.00 76.00     I   0   1   5   5
76.00 77.00  bVII  10   7   5   3
77.00 78.00    IV   5   4   5  10
78.00 80.00     I   0   1   5   5
80.00 81.00  bVII  10   7   5   3
81.00 82.00    IV   5   4   5  10
82.00 84.00     I   0   1   5   5
84.00 85.00  bVII  10   7   5   3
85.00 86.00    IV   5   4   5  10
86.00 88.00     I   0   1   5   5
88.00 89.00  bVII  10   7   5   3
89.00 90.00    IV   5   4   5  10
90.00 92.00     I   0   1   5   5
92.00 93.00  bVII  10   7   5   3
93.00 94.00    IV   5   4   5  10
94.00 96.00     I   0   1   5   5
96.00 97.00  bVII  10   7   5   3
97.00 98.00    IV   5   4   5  10
98.00 100.00     I   0   1   5   5
100.00 101.00  bVII  10   7   5   3
101.00 102.00    IV   5   4   5  10
102.00 104.00     I   0   1   5   5
104.00 105.00  bVII  10   7   5   3
105.00 106.00    IV   5   4   5  10
106.00 108.00     I   0   1   5   5
108.00 109.00  bVII  10   7   5   3
109.00 110.00    IV   5   4   5  10
110.00 112.00     I   0   1   5   5
112.00 113.00  bVII  10   7   5   3
113.00 114.00    IV   5   4   5  10
114.00 116.00     I   0   1   5   5
116.00 117.00  bVII  10   7   5   3
117.00 118.00    IV   5   4   5  10
118.00 120.00     I   0   1   5   5
120.00 121.00  bVII  10   7   5   3
121.00 122.00    IV   5   4   5  10
122.00 124.00     I   0   1   5   5
124.00 125.00  bVII  10   7   5   3
125.00 126.00    IV   5   4   5  10
126.00 128.00     I   0   1   5   5
128.00 129.00  bVII  10   7   5   3
129.00 130.00    IV   5   4   5  10
130.00 131.00     I   0   1   5   5
---
