 4.00 10.00     I   0   1   7   7
10.00 12.00    IV   5   4   7   0
12.00 13.00     I   0   1   7   7
13.00 14.00   V/V   2   2   7   9
14.00 16.00     V   7   5   7   2
16.00 18.00     I   0   1   7   7
18.00 20.00    IV   5   4   7   0
20.00 21.00     I   0   1   7   7
21.00 22.00     V   7   5   7   2
22.00 25.00     I   0   1   7   7
25.00 26.00     V   7   5   7   2
26.00 29.00     I   0   1   7   7
29.00 30.00     V   7   5   7   2
30.00 34.00     I   0   1   7   7
34.00 36.00    IV   5   4   7   0
36.00 37.00     I   0   1   7   7
37.00 38.00   V/V   2   2   7   9
38.00 40.00     V   7   5   7   2
40.00 42.00     I   0   1   7   7
42.00 44.00    IV   5   4   7   0
44.00 45.00     I   0   1   7   7
45.00 46.00     V   7   5   7   2
46.00 49.00     I   0   1   7   7
49.00 50.00     V   7   5   7   2
50.00 53.00     I   0   1   7   7
53.00 54.00     V   7   5   7   2
54.00 58.00     I   0   1   7   7
58.00 60.00    IV   5   4   7   0
60.00 61.00     I   0   1   7   7
61.00 62.00   V/V   2   2   7   9
62.00 64.00     V   7   5   7   2
64.00 66.00     I   0   1   7   7
66.00 68.00    IV   5   4   7   0
68.00 69.00     I   0   1   7   7
69.00 70.00     V   7   5   7   2
70.00 73.00     I   0   1   7   7
73.00 74.00     V   7   5   7   2
74.00 77.00     I   0   1   7   7
77.00 78.00     V   7   5   7   2
78.00 81.00     I   0   1   7   7
81.00 82.00     V   7   5   7   2
82.00 85.00     I   0   1   7   7
85.00 86.00     V   7   5   7   2
86.00 88.00     I   0   1   7   7
---
