 0.00  2.00     i   0   1   7   7
 2.00  3.00  bVII  10   7   7   5
 3.00  6.00     i   0   1   7   7
 6.00  7.00  bVII  10   7   7   5
 7.00 10.00     i   0   1   7   7
10.00 11.00  bVII  10   7   7   5
11.00 14.00     i   0   1   7   7
14.00 15.00  bVII  10   7   7   5
15.00 18.00     i   0   1   7   7
18.00 19.00  bVII  10   7   7   5
19.00 22.00     i   0   1   7   7
22.00 23.00  bVII  10   7   7   5
23.00 24.00     i   0   1   7   7
24.00 24.50    iv   5   4   7   0
24.50 25.00     V   7   5   7   2
25.00 26.00     i   0   1   7   7
26.00 26.50    iv   5   4   7   0
26.50 27.00     V   7   5   7   2
27.00 28.00     i   0   1   7   7
28.00 28.50    iv   5   4   7   0
28.50 29.00     V   7   5   7   2
29.00 30.00     i   0   1   7   7
30.00 31.00    iv   5   4   7   0
31.00 32.00     V   7   5   7   2
32.00 33.00     i   0   1   7   7
33.00 33.50    iv   5   4   7   0
33.50 34.00     V   7   5   7   2
34.00 35.00     i   0   1   7   7
35.00 35.50    iv   5   4   7   0
35.50 36.00     V   7   5   7   2
36.00 37.00     i   0   1   7   7
37.00 37.50    iv   5   4   7   0
37.50 38.00     V   7   5   7   2
38.00 39.00     i   0   1   7   7
39.00 39.50    iv   5   4   7   0
39.50 40.00     V   7   5   7   2
40.00 42.00     i   0   1   7   7
42.00 43.00  bVII  10   7   7   5
43.00 46.00     i   0   1   7   7
46.00 47.00  bVII  10   7   7   5
47.00 50.00     i   0   1   7   7
50.00 51.00  bVII  10   7   7   5
51.00 54.00     i   0   1   7   7
54.00 55.00  bVII  10   7   7   5
55.00 56.00     i   0   1   7   7
56.00 56.50    iv   5   4   7   0
56.50 57.00     V   7   5   7   2
57.00 58.00     i   0   1   7   7
58.00 58.50    iv   5   4   7   0
58.50 59.00     V   7   5   7   2
59.00 60.00     i   0   1   7   7
60.00 60.50    iv   5   4   7   0
60.50 61.00     V   7   5   7   2
61.00 62.00     i   0   1   7   7
62.00 63.00    iv   5   4   7   0
63.00 64.00     V   7   5   7   2
64.00 65.00     i   0   1   7   7
65.00 65.50    iv   5   4   7   0
65.50 66.00     V   7   5   7   2
66.00 67.00     i   0   1   7   7
67.00 67.50    iv   5   4   7   0
67.50 68.00     V   7   5   7   2
68.00 69.00     i   0   1   7   7
69.00 69.50    iv   5   4   7   0
69.50 70.00     V   7   5   7   2
70.00 71.00     i   0   1   7   7
71.00 71.50    iv   5   4   7   0
71.50 72.00     V   7   5   7   2
72.00 74.00     i   0   1   7   7
74.00 76.00   bVI   8   6   7   3
76.00 78.00  bVII  10   7   7   5
78.00 82.00     i   0   1   7   7
82.00 84.00   bVI   8   6   7   3
84.00 86.00  bVII  10   7   7   5
86.00 90.00     i   0   1   7   7
90.00 91.00  bVII  10   7   7   5
91.00 94.00     i   0   1   7   7
94.00 95.00  bVII  10   7   7   5
95.00 96.00     i   0   1   7   7
96.00 96.50    iv   5   4   7   0
96.50 97.00     V   7   5   7   2
97.00 98.00     i   0   1   7   7
98.00 98.50    iv   5   4   7   0
98.50 99.00     V   7   5   7   2
99.00 100.00     i   0   1   7   7
100.00 100.50    iv   5   4   7   0
100.50 101.00     V   7   5   7   2
101.00 102.00     i   0   1   7   7
102.00 103.00    iv   5   4   7   0
103.00 104.00     V   7   5   7   2
104.00 105.00     i   0   1   7   7
105.00 105.50    iv   5   4   7   0
105.50 106.00     V   7   5   7   2
106.00 107.00     i   0   1   7   7
107.00 107.50    iv   5   4   7   0
107.50 108.00     V   7   5   7   2
108.00 109.00     i   0   1   7   7
109.00 109.50    iv   5   4   7   0
109.50 110.00     V   7   5   7   2
110.00 111.00     i   0   1   7   7
111.00 111.50    iv   5   4   7   0
111.50 112.00     V   7   5   7   2
112.00 114.00     i   0   1   7   7
114.00 115.00  bVII  10   7   7   5
115.00 118.00     i   0   1   7   7
118.00 119.00  bVII  10   7   7   5
119.00 122.00     i   0   1   7   7
122.00 123.00  bVII  10   7   7   5
123.00 126.00     i   0   1   7   7
126.00 127.00  bVII  10   7   7   5
127.00 128.00     i   0   1   7   7
128.00 128.50    iv   5   4   7   0
128.50 129.00     V   7   5   7   2
129.00 130.00     i   0   1   7   7
130.00 130.50    iv   5   4   7   0
130.50 131.00     V   7   5   7   2
131.00 132.00     i   0   1   7   7
132.00 132.50    iv   5   4   7   0
132.50 133.00     V   7   5   7   2
133.00 134.00     i   0   1   7   7
134.00 135.00    iv   5   4   7   0
135.00 136.00     V   7   5   7   2
136.00 138.00     i   0   1   7   7
138.00 138.50    iv   5   4   7   0
138.50 139.00     V   7   5   7   2
139.00 140.00     i   0   1   7   7
140.00 140.50    iv   5   4   7   0
140.50 141.00     V   7   5   7   2
141.00 142.00     i   0   1   7   7
142.00 142.50    iv   5   4   7   0
142.50 143.00     V   7   5   7   2
143.00 144.00     i   0   1   7   7
144.00 144.50    iv   5   4   7   0
144.50 145.00     V   7   5   7   2
145.00 146.00     i   0   1   7   7
146.00 146.50    iv   5   4   7   0
146.50 147.00     V   7   5   7   2
147.00 148.00     i   0   1   7   7
148.00 148.50    iv   5   4   7   0
148.50 149.00     V   7   5   7   2
149.00 150.00     i   0   1   7   7
150.00 150.50    iv   5   4   7   0
150.50 151.00     V   7   5   7   2
151.00 152.00     i   0   1   7   7
152.00 153.00    iv   5   4   7   0
153.00 154.00     V   7   5   7   2
154.00 156.00     i   0   1   7   7
156.00 158.00     V   7   5   7   2
---
