 0.00  1.00     i   0   1  11  11
 1.00  2.00     V   7   5  11   6
 2.00  3.00  bVII  10   7  11   9
 3.00  4.00    IV   5   4  11   4
 4.00  5.00   bVI   8   6  11   7
 5.00  6.00  bIII   3   3  11   2
 6.00  7.00    iv   5   4  11   4
 7.00  8.00     V   7   5  11   6
 8.00  9.00     i   0   1  11  11
 9.00 10.00     V   7   5  11   6
10.00 11.00  bVII  10   7  11   9
11.00 12.00    IV   5   4  11   4
12.00 13.00   bVI   8   6  11   7
13.00 14.00  bIII   3   3  11   2
14.00 15.00    iv   5   4  11   4
15.00 16.00     V   7   5  11   6
16.00 17.00     i   0   1  11  11
17.00 18.00     V   7   5  11   6
18.00 19.00  bVII  10   7  11   9
19.00 20.00    IV   5   4  11   4
20.00 21.00   bVI   8   6  11   7
21.00 22.00  bIII   3   3  11   2
22.00 23.00    iv   5   4  11   4
23.00 24.00     V   7   5  11   6
24.00 25.00     i   0   1  11  11
25.00 26.00     V   7   5  11   6
26.00 27.00  bVII  10   7  11   9
27.00 28.00    IV   5   4  11   4
28.00 29.00   bVI   8   6  11   7
29.00 30.00  bIII   3   3  11   2
30.00 31.00    iv   5   4  11   4
31.00 32.00     V   7   5  11   6
32.00 33.00   bVI   8   6  11   7
33.00 34.00  bIII   3   3  11   2
34.00 35.00    V7   7   5  11   6
35.00 36.00     i   0   1  11  11
36.00 37.00   bVI   8   6  11   7
37.00 38.00  bIII   3   3  11   2
38.00 39.00    iv   5   4  11   4
39.00 40.00     V   7   5  11   6
40.00 41.00     i   0   1  11  11
41.00 42.00     V   7   5  11   6
42.00 43.00  bVII  10   7  11   9
43.00 44.00    IV   5   4  11   4
44.00 45.00   bVI   8   6  11   7
45.00 46.00  bIII   3   3  11   2
46.00 47.00    iv   5   4  11   4
47.00 48.00     V   7   5  11   6
48.00 49.00     i   0   1  11  11
49.00 50.00     V   7   5  11   6
50.00 51.00  bVII  10   7  11   9
51.00 52.00    IV   5   4  11   4
52.00 53.00   bVI   8   6  11   7
53.00 54.00  bIII   3   3  11   2
54.00 55.00    iv   5   4  11   4
55.00 56.00     V   7   5  11   6
56.00 57.00   bVI   8   6  11   7
57.00 58.00  bIII   3   3  11   2
58.00 59.00    V7   7   5  11   6
59.00 60.00     i   0   1  11  11
60.00 61.00   bVI   8   6  11   7
61.00 62.00  bIII   3   3  11   2
62.00 63.00    iv   5   4  11   4
63.00 64.00     V   7   5  11   6
64.00 65.00     i   0   1  11  11
65.00 66.00     V   7   5  11   6
66.00 67.00  bVII  10   7  11   9
67.00 68.00    IV   5   4  11   4
68.00 69.00   bVI   8   6  11   7
69.00 70.00  bIII   3   3  11   2
70.00 71.00    iv   5   4  11   4
71.00 72.00     V   7   5  11   6
72.00 73.00     i   0   1  11  11
73.00 74.00     V   7   5  11   6
74.00 75.00  bVII  10   7  11   9
75.00 76.00    IV   5   4  11   4
76.00 77.00   bVI   8   6  11   7
77.00 78.00  bIII   3   3  11   2
78.00 79.00    iv   5   4  11   4
79.00 80.00     V   7   5  11   6
80.00 81.00     i   0   1  11  11
81.00 82.00     V   7   5  11   6
82.00 83.00  bVII  10   7  11   9
83.00 84.00    IV   5   4  11   4
84.00 85.00   bVI   8   6  11   7
85.00 86.00  bIII   3   3  11   2
86.00 87.00    iv   5   4  11   4
87.00 88.00     V   7   5  11   6
88.00 89.00     i   0   1  11  11
89.00 90.00     V   7   5  11   6
90.00 91.00  bVII  10   7  11   9
91.00 92.00    IV   5   4  11   4
92.00 93.00   bVI   8   6  11   7
93.00 94.00  bIII   3   3  11   2
94.00 95.00    iv   5   4  11   4
95.00 96.00     V   7   5  11   6
96.00 97.00     i   0   1  11  11
97.00 98.00     V   7   5  11   6
98.00 99.00  bVII  10   7  11   9
99.00 100.00    IV   5   4  11   4
100.00 101.00   bVI   8   6  11   7
101.00 102.00  bIII   3   3  11   2
102.00 103.00    iv   5   4  11   4
103.00 104.00     V   7   5  11   6
104.00 105.00     i   0   1  11  11
105.00 106.00     V   7   5  11   6
106.00 107.00  bVII  10   7  11   9
107.00 108.00    IV   5   4  11   4
108.00 109.00   bVI   8   6  11   7
109.00 110.00  bIII   3   3  11   2
110.00 111.00    iv   5   4  11   4
111.00 112.00     V   7   5  11   6
112.00 113.00     i   0   1  11  11
113.00 114.00     V   7   5  11   6
114.00 115.00  bVII  10   7  11   9
115.00 116.00    IV   5   4  11   4
116.00 117.00   bVI   8   6  11   7
117.00 118.00  bIII   3   3  11   2
118.00 119.00    iv   5   4  11   4
119.00 120.00     V   7   5  11   6
---
