 0.00  4.00     I   0   1   0   0
 4.00  6.00    IV   5   4   0   5
 6.00  8.00     I   0   1   0   0
 8.00  9.00     V   7   5   0   7
 9.00 10.00    IV   5   4   0   5
10.00 16.00     I   0   1   0   0
16.00 18.00    IV   5   4   0   5
18.00 20.00     I   0   1   0   0
20.00 21.00     V   7   5   0   7
21.00 22.00    IV   5   4   0   5
22.00 28.00     I   0   1   0   0
28.00 30.00    IV   5   4   0   5
30.00 32.00     I   0   1   0   0
32.00 33.00     V   7   5   0   7
33.00 34.00    IV   5   4   0   5
34.00 40.00     I   0   1   0   0
40.00 42.00    IV   5   4   0   5
42.00 44.00     I   0   1   0   0
44.00 45.00     V   7   5   0   7
45.00 46.00    IV   5   4   0   5
46.00 52.00     I   0   1   0   0
52.00 54.00    IV   5   4   0   5
54.00 56.00     I   0   1   0   0
56.00 57.00     V   7   5   0   7
57.00 58.00    IV   5   4   0   5
58.00 64.00     I   0   1   0   0
64.00 66.00    IV   5   4   0   5
66.00 68.00     I   0   1   0   0
68.00 69.00     V   7   5   0   7
69.00 70.00    IV   5   4   0   5
70.00 76.00     I   0   1   0   0
76.00 78.00    IV   5   4   0   5
78.00 80.00     I   0   1   0   0
80.00 81.00     V   7   5   0   7
81.00 82.00    IV   5   4   0   5
82.00 88.00     I   0   1   0   0
88.00 90.00    IV   5   4   0   5
90.00 92.00     I   0   1   0   0
92.00 93.00     V   7   5   0   7
93.00 94.00    IV   5   4   0   5
94.00 96.00     I   0   1   0   0
---
