 0.00  1.00     i   0   1   9   9
 1.00  2.00  bIII   3   3   9   0
 2.00  3.00    IV   5   4   9   2
 3.00  4.00   bVI   8   6   9   5
 4.00  5.00     i   0   1   9   9
 5.00  6.00    V7   7   5   9   4
 6.00  7.00     i   0   1   9   9
 7.00  8.00    V7   7   5   9   4
 8.00  9.00     i   0   1   9   9
 9.00 10.00  bIII   3   3   9   0
10.00 11.00    IV   5   4   9   2
11.00 12.00   bVI   8   6   9   5
12.00 13.00     i   0   1   9   9
13.00 14.00  bIII   3   3   9   0
14.00 16.00     V   7   5   9   4
16.00 17.00     i   0   1   9   9
17.00 18.00  bIII   3   3   9   0
18.00 19.00    IV   5   4   9   2
19.00 20.00   bVI   8   6   9   5
20.00 21.00     i   0   1   9   9
21.00 22.00     V   7   5   9   4
22.00 23.00     i   0   1   9   9
23.00 24.00  bIII   3   3   9   0
24.00 25.00    IV   5   4   9   2
25.00 26.00   bVI   8   6   9   5
26.00 27.00     i   0   1   9   9
27.00 28.00    V7   7   5   9   4
28.00 29.00     i   0   1   9   9
29.00 30.00    V7   7   5   9   4
30.00 31.00     i   0   1   9   9
31.00 32.00  bIII   3   3   9   0
32.00 33.00    IV   5   4   9   2
33.00 34.00   bVI   8   6   9   5
34.00 35.00     i   0   1   9   9
35.00 36.00  bIII   3   3   9   0
36.00 38.00     V   7   5   9   4
38.00 39.00     i   0   1   9   9
39.00 40.00  bIII   3   3   9   0
40.00 41.00    IV   5   4   9   2
41.00 42.00   bVI   8   6   9   5
42.00 43.00     i   0   1   9   9
43.00 44.00     V   7   5   9   4
44.00 45.00     i   0   1   9   9
45.00 46.00  bIII   3   3   9   0
46.00 47.00    IV   5   4   9   2
47.00 48.00   bVI   8   6   9   5
48.00 49.00     i   0   1   9   9
49.00 50.00    V7   7   5   9   4
50.00 51.00     i   0   1   9   9
51.00 52.00    V7   7   5   9   4
52.00 53.00     i   0   1   9   9
53.00 54.00  bIII   3   3   9   0
54.00 55.00    IV   5   4   9   2
55.00 56.00   bVI   8   6   9   5
56.00 57.00     i   0   1   9   9
57.00 58.00  bIII   3   3   9   0
58.00 60.00     V   7   5   9   4
60.00 61.00     i   0   1   9   9
61.00 62.00  bIII   3   3   9   0
62.00 63.00    IV   5   4   9   2
63.00 64.00   bVI   8   6   9   5
64.00 65.00     i   0   1   9   9
65.00 66.00     V   7   5   9   4
66.00 67.00     i   0   1   9   9
67.00 68.00  bIII   3   3   9   0
68.00 69.00    IV   5   4   9   2
69.00 70.00   bVI   8   6   9   5
70.00 71.00     i   0   1   9   9
71.00 72.00    V7   7   5   9   4
72.00 73.00     i   0   1   9   9
73.00 74.00    V7   7   5   9   4
74.00 75.00     i   0   1   9   9
75.00 76.00  bIII   3   3   9   0
76.00 77.00    IV   5   4   9   2
77.00 78.00   bVI   8   6   9   5
78.00 79.00     i   0   1   9   9
79.00 80.00  bIII   3   3   9   0
80.00 82.00     V   7   5   9   4
82.00 83.00     i   0   1   9   9
83.00 84.00  bIII   3   3   9   0
84.00 85.00    IV   5   4   9   2
85.00 86.00   bVI   8   6   9   5
86.00 87.00     i   0   1   9   9
87.00 88.00     V   7   5   9   4
88.00 89.00     i   0   1   9   9
89.00 90.00  bIII   3   3   9   0
90.00 91.00    IV   5   4   9   2
91.00 92.00   bVI   8   6   9   5
92.00 93.00     i   0   1   9   9
93.00 94.00    V7   7   5   9   4
94.00 95.00     i   0   1   9   9
95.00 96.00    V7   7   5   9   4
96.00 97.00     i   0   1   9   9
97.00 98.00  bIII   3   3   9   0
98.00 99.00    IV   5   4   9   2
99.00 100.00   bVI   8   6   9   5
100.00 101.00     i   0   1   9   9
101.00 102.00  bIII   3   3   9   0
102.00 104.00     V   7   5   9   4
104.00 105.00     i   0   1   9   9
105.00 106.00  bIII   3   3   9   0
106.00 107.00    IV   5   4   9   2
107.00 108.00   bVI   8   6   9   5
108.00 109.00     i   0   1   9   9
109.00 110.00     V   7   5   9   4
110.00 111.00     i   0   1   9   9
111.00 112.00  bIII   3   3   9   0
112.00 113.00    IV   5   4   9   2
113.00 114.00   bVI   8   6   9   5
114.00 115.00     i   0   1   9   9
115.00 116.00    V7   7   5   9   4
116.00 117.00     i   0   1   9   9
117.00 118.00    V7   7   5   9   4
118.00 119.00     i   0   1   9   9
119.00 120.00  bIII   3   3   9   0
120.00 121.00    IV   5   4   9   2
121.00 122.00   bVI   8   6   9   5
122.00 123.00     i   0   1   9   9
123.00 124.00  bIII   3   3   9   0
124.00 126.00     V   7   5   9   4
126.00 127.00     i   0   1   9   9
127.00 128.00  bIII   3   3   9   0
128.00 129.00    IV   5   4   9   2
129.00 130.00   bVI   8   6   9   5
130.00 131.00     i   0   1   9   9
131.00 132.00     V   7   5   9   4
132.00 133.00     i   0   1   9   9
133.00 134.00  bIII   3   3   9   0
134.00 135.00    IV   5   4   9   2
135.00 136.00   bVI   8   6   9   5
136.00 137.00     i   0   1   9   9
137.00 138.00    V7   7   5   9   4
138.00 139.00     i   0   1   9   9
139.00 140.00    V7   7   5   9   4
140.00 141.00     i   0   1   9   9
141.00 142.00  bIII   3   3   9   0
142.00 143.00    IV   5   4   9   2
143.00 144.00   bVI   8   6   9   5
144.00 145.00     i   0   1   9   9
145.00 146.00  bIII   3   3   9   0
146.00 148.00     V   7   5   9   4
148.00 149.00     i   0   1   9   9
149.00 150.00  bIII   3   3   9   0
150.00 151.00    IV   5   4   9   2
151.00 152.00   bVI   8   6   9   5
152.00 153.00     i   0   1   9   9
153.00 154.00     V   7   5   9   4
154.00 155.00     i   0   1   9   9
155.00 156.00  bIII   3   3   9   0
156.00 157.00    IV   5   4   9   2
157.00 158.00   bVI   8   6   9   5
158.00 159.00     i   0   1   9   9
159.00 160.00     V   7   5   9   4
160.00 161.00     i   0   1   9   9
161.00 162.00    iv   5   4   9   2
162.00 163.00     i   0   1   9   9
163.00 164.00    iv   5   4   9   2
164.00 165.00     i   0   1   9   9
165.00 166.00    iv   5   4   9   2
166.00 167.00     i   0   1   9   9
167.00 168.00    iv   5   4   9   2
168.00 169.00     i   0   1   9   9
169.00 170.00    iv   5   4   9   2
170.00 171.00     i   0   1   9   9
---
