 0.00  1.00     I   0   1   0   0
 1.00  2.00  iih7   2   2   0   2
 2.00  3.00     I   0   1   0   0
 3.00  4.00  iih7   2   2   0   2
 4.00  5.00     I   0   1   0   0
 5.00  6.00  iih7   2   2   0   2
 6.00  7.00     I   0   1   0   0
 7.00  8.00  iih7   2   2   0   2
 8.00  9.00     I   0   1   0   0
 9.00 10.00   iio   2   2   0   2
10.00 11.00     I   0   1   0   0
11.00 12.00   iio   2   2   0   2
12.00 13.00     I   0   1   0   0
13.00 14.00   iio   2   2   0   2
14.00 15.00     I   0   1   0   0
15.00 15.75   iio   2   2   0   2
15.75 16.00 V7/vi   4   3   0   4
16.00 17.00    vi   9   6   0   9
17.00 18.00 iih43   2   2   0   2
18.00 19.00   I64   0   1   0   0
19.00 20.00   V11   7   5   0   7
20.00 21.00     I   0   1   0   0
21.00 22.00   vi7   9   6   0   9
22.00 23.00   ii7   2   2   0   2
23.00 23.75   V11   7   5   0   7
23.75 24.00 V65/vi   4   3   0   4
24.00 25.00   vi7   9   6   0   9
25.00 26.00 iih43   2   2   0   2
26.00 27.00   I64   0   1   0   0
27.00 28.00 iih43   2   2   0   2
28.00 29.00    vi   9   6   0   9
29.00 30.00   V11   7   5   0   7
30.00 31.00     I   0   1   0   0
31.00 32.00   iio   2   2   0   2
32.00 33.00     I   0   1   0   0
33.00 34.00   iio   2   2   0   2
34.00 35.00     I   0   1   0   0
35.00 36.00   iio   2   2   0   2
36.00 37.00     I   0   1   0   0
37.00 37.75   iio   2   2   0   2
37.75 38.00 V7/vi   4   3   0   4
38.00 39.00    vi   9   6   0   9
39.00 40.00 iih43   2   2   0   2
40.00 41.00   I64   0   1   0   0
41.00 42.00   V11   7   5   0   7
42.00 43.00     I   0   1   0   0
43.00 44.00   vi7   9   6   0   9
44.00 45.00   ii7   2   2   0   2
45.00 45.75   V11   7   5   0   7
45.75 46.00 V65/vi   4   3   0   4
46.00 47.00   vi7   9   6   0   9
47.00 48.00 iih43   2   2   0   2
48.00 49.00   I64   0   1   0   0
49.00 50.00 iih43   2   2   0   2
50.00 51.00    vi   9   6   0   9
51.00 52.00   ii7   2   2   0   2
52.00 53.00    I6   0   1   0   0
53.00 54.00   V11   7   5   0   7
54.00 55.00    vi   9   6   1  10
55.00 56.00 iih43   2   2   1   3
56.00 57.00   I64   0   1   1   1
57.00 58.00   V11   7   5   1   8
58.00 59.00     I   0   1   1   1
59.00 60.00   vi7   9   6   1  10
60.00 61.00   ii7   2   2   1   3
61.00 61.75   V11   7   5   1   8
61.75 62.00 V65/vi   4   3   1   5
62.00 63.00   vi7   9   6   1  10
63.00 64.00 iih43   2   2   1   3
64.00 65.00   I64   0   1   1   1
65.00 66.00 iih43   2   2   1   3
66.00 67.00   I64   0   1   1   1
67.00 68.00 iih43   2   2   1   3
68.00 69.00   I64   0   1   1   1
69.00 70.00 iih43   2   2   1   3
70.00 71.00   I64   0   1   1   1
71.00 72.00 iih43   2   2   1   3
72.00 73.00   I64   0   1   1   1
73.00 74.00 iih43   2   2   1   3
74.00 75.00   I64   0   1   1   1
75.00 76.00 iih43   2   2   1   3
76.00 77.00     I   0   1   1   1
---
