 0.00  1.00 V7/IV   0   1   5   5
 1.00  3.00    IV   5   4   5  10
 3.00  5.00     I   0   1   5   5
 5.00  7.00    V7   7   5   5   0
 7.00  9.00     I   0   1   5   5
 9.00 11.00    IV   5   4   5  10
11.00 13.00     I   0   1   5   5
13.00 15.00    V7   7   5   5   0
15.00 15.50     I   0   1   5   5
15.50 16.00  IV64   5   4   5  10
16.00 19.00     I   0   1   5   5
19.00 21.00    IV   5   4   5  10
21.00 23.00     I   0   1   5   5
23.00 25.00    V7   7   5   5   0
25.00 27.00     I   0   1   5   5
27.00 29.00    IV   5   4   5  10
29.00 30.00   I64   0   1   5   5
30.00 31.00    V7   7   5   5   0
31.00 31.50     I   0   1   5   5
31.50 32.00   V11   7   5   5   0
32.00 33.00 V7/IV   0   1   5   5
33.00 35.00    IV   5   4   5  10
35.00 37.00     I   0   1   5   5
37.00 39.00    V7   7   5   5   0
39.00 41.00     I   0   1   5   5
41.00 43.00    IV   5   4   5  10
43.00 45.00     I   0   1   5   5
45.00 47.00    V7   7   5   5   0
47.00 47.50     I   0   1   5   5
47.50 48.00  IV64   5   4   5  10
48.00 51.00     I   0   1   5   5
51.00 53.00    IV   5   4   5  10
53.00 55.00     I   0   1   5   5
55.00 57.00    V7   7   5   5   0
57.00 59.00     I   0   1   5   5
59.00 61.00    IV   5   4   5  10
61.00 62.00   I64   0   1   5   5
62.00 63.00    V7   7   5   5   0
63.00 63.50     I   0   1   5   5
63.50 64.00   V11   7   5   5   0
64.00 65.00 V7/IV   0   1   5   5
65.00 67.00    IV   5   4   5  10
67.00 69.00     I   0   1   5   5
69.00 71.00    V7   7   5   5   0
71.00 73.00     I   0   1   5   5
73.00 75.00    IV   5   4   5  10
75.00 77.00     I   0   1   5   5
77.00 79.00    V7   7   5   5   0
79.00 79.50     I   0   1   5   5
79.50 80.00  IV64   5   4   5  10
80.00 81.00     I   0   1   5   5
---
