 0.00  0.50    IV   5   4  10   3
 0.50  1.50   vi7   9   6  10   7
 1.50  2.50    IV   5   4  10   3
 2.50  3.00    I6   0   1  10  10
 3.00  3.50    vi   9   6  10   7
 3.50  4.00    ii   2   2  10   0
 4.00  4.50    IV   5   4  10   3
 4.50  5.50   vi7   9   6  10   7
 5.50  6.50    IV   5   4  10   3
 6.50  7.00    I6   0   1  10  10
 7.00  8.00    ii   2   2  10   0
 8.00  8.50    IV   5   4  10   3
 8.50  9.50   vi7   9   6  10   7
 9.50 10.50    IV   5   4  10   3
10.50 11.00    I6   0   1  10  10
11.00 11.50    vi   9   6  10   7
11.50 12.00    ii   2   2  10   0
12.00 12.50    IV   5   4  10   3
12.50 13.50   vi7   9   6  10   7
13.50 14.50    IV   5   4  10   3
14.50 15.00    I6   0   1  10  10
15.00 15.50    vi   9   6  10   7
15.50 17.00    ii   2   2  10   0
17.00 18.00   I64   0   1  10  10
18.00 18.75     V   7   5  10   5
18.75 19.00    I6   0   1  10  10
19.00 19.50    IV   5   4  10   3
19.50 20.00     I   0   1  10  10
20.00 21.50    IV   5   4  10   3
21.50 22.50     I   0   1  10  10
22.50 23.00    IV   5   4  10   3
23.00 23.50    vi   9   6  10   7
23.50 24.00    IV   5   4  10   3
24.00 24.50    V6   7   5  10   5
24.50 25.50    vi   9   6  10   7
25.50 26.00    IV   5   4  10   3
26.00 26.50    V6   7   5  10   5
26.50 27.00    vi   9   6  10   7
27.00 28.00   ii7   2   2  10   0
28.00 29.00     V   7   5  10   5
29.00 29.50    IV   5   4  10   3
29.50 30.00     I   0   1  10  10
30.00 31.50    IV   5   4  10   3
31.50 32.50   vi7   9   6  10   7
32.50 33.50    IV   5   4  10   3
33.50 34.00    I6   0   1  10  10
34.00 35.00    ii   2   2  10   0
35.00 35.50    IV   5   4  10   3
35.50 36.50   vi7   9   6  10   7
36.50 37.50    IV   5   4  10   3
37.50 38.00    I6   0   1  10  10
38.00 38.50    vi   9   6  10   7
38.50 39.00    ii   2   2  10   0
39.00 39.50    IV   5   4  10   3
39.50 40.50   vi7   9   6  10   7
40.50 41.50    IV   5   4  10   3
41.50 42.00    I6   0   1  10  10
42.00 42.50    vi   9   6  10   7
42.50 44.00    ii   2   2  10   0
44.00 45.00   I64   0   1  10  10
45.00 45.50     V   7   5  10   5
45.50 46.00    I6   0   1  10  10
46.00 46.50    IV   5   4  10   3
46.50 47.00     I   0   1  10  10
47.00 48.50    IV   5   4  10   3
48.50 49.50     I   0   1  10  10
49.50 50.00    IV   5   4  10   3
50.00 50.50    vi   9   6  10   7
50.50 51.00    IV   5   4  10   3
51.00 51.50    V6   7   5  10   5
51.50 52.50    vi   9   6  10   7
52.50 53.00    IV   5   4  10   3
53.00 53.50    V6   7   5  10   5
53.50 54.00    vi   9   6  10   7
54.00 55.00   ii7   2   2  10   0
55.00 56.00     V   7   5  10   5
56.00 56.50    IV   5   4  10   3
56.50 57.00     I   0   1  10  10
57.00 58.50    IV   5   4  10   3
58.50 59.50   vi7   9   6  10   7
59.50 60.50    IV   5   4  10   3
60.50 61.00    I6   0   1  10  10
61.00 61.50    vi   9   6  10   7
61.50 62.00    ii   2   2  10   0
62.00 62.50    IV   5   4  10   3
62.50 63.50   vi7   9   6  10   7
63.50 64.50    IV   5   4  10   3
64.50 65.00    I6   0   1  10  10
65.00 66.00    ii   2   2  10   0
66.00 66.50    IV   5   4  10   3
66.50 67.50   vi7   9   6  10   7
67.50 68.50    IV   5   4  10   3
68.50 69.00    I6   0   1  10  10
69.00 69.50    vi   9   6  10   7
69.50 70.00    ii   2   2  10   0
70.00 70.50    IV   5   4  10   3
70.50 71.50   vi7   9   6  10   7
71.50 72.50    IV   5   4  10   3
72.50 73.00    I6   0   1  10  10
73.00 74.00    ii   2   2  10   0
74.00 74.50    IV   5   4  10   3
74.50 75.50   vi7   9   6  10   7
75.50 76.50    IV   5   4  10   3
76.50 77.00    I6   0   1  10  10
77.00 77.50    vi   9   6  10   7
77.50 78.00    ii   2   2  10   0
78.00 78.50    IV   5   4  10   3
78.50 79.50   vi7   9   6  10   7
79.50 80.50    IV   5   4  10   3
80.50 81.00    I6   0   1  10  10
81.00 83.00    IV   5   4  10   3
83.00 84.00  bVII  10   7  10   8
---
