 1.00  4.00     I   0   1   7   7
 4.00  4.50    IV   5   4   7   0
 4.50  5.00     V   7   5   7   2
 5.00  6.00     I   0   1   7   7
 6.00  6.50     V   7   5   7   2
 6.50  8.00     I   0   1   7   7
 8.00  8.50    IV   5   4   7   0
 8.50 10.00     I   0   1   7   7
10.00 10.50    IV   5   4   7   0
10.50 12.00     I   0   1   7   7
12.00 13.00     V   7   5   7   2
13.00 14.00     I   0   1   7   7
14.00 14.50    IV   5   4   7   0
14.50 15.00     V   7   5   7   2
15.00 16.00     I   0   1   7   7
16.00 16.50     V   7   5   7   2
16.50 18.00     I   0   1   7   7
18.00 18.50    IV   5   4   7   0
18.50 20.00     I   0   1   7   7
20.00 20.50    IV   5   4   7   0
20.50 22.00     I   0   1   7   7
22.00 23.00     V   7   5   7   2
23.00 24.00     I   0   1   7   7
24.00 24.50    IV   5   4   7   0
24.50 25.00     V   7   5   7   2
25.00 26.00     I   0   1   7   7
26.00 26.50     V   7   5   7   2
26.50 27.00     I   0   1   7   7
27.00 29.00    IV   5   4   7   0
29.00 31.00     I   0   1   7   7
31.00 33.00    IV   5   4   7   0
33.00 34.00     I   0   1   7   7
34.00 34.50    IV   5   4   7   0
34.50 36.00     I   0   1   7   7
36.00 37.00     V   7   5   7   2
37.00 38.00     I   0   1   7   7
38.00 38.50    IV   5   4   7   0
38.50 39.00     V   7   5   7   2
39.00 40.00     I   0   1   7   7
40.00 40.50     V   7   5   7   2
40.50 41.00     I   0   1   7   7
41.00 43.00    IV   5   4   7   0
43.00 45.00     I   0   1   7   7
45.00 47.00    IV   5   4   7   0
47.00 48.00     I   0   1   7   7
48.00 48.50    IV   5   4   7   0
48.50 50.00     I   0   1   7   7
50.00 50.50     V   7   5   7   2
50.50 52.00     I   0   1   7   7
52.00 52.50    IV   5   4   7   0
52.50 54.00     I   0   1   7   7
54.00 54.50    IV   5   4   7   0
54.50 56.00     I   0   1   7   7
56.00 57.00     V   7   5   7   2
57.00 58.00     I   0   1   7   7
58.00 58.50    IV   5   4   7   0
58.50 59.00     V   7   5   7   2
59.00 60.00     I   0   1   7   7
60.00 60.50     V   7   5   7   2
60.50 62.00     I   0   1   7   7
62.00 62.50    IV   5   4   7   0
62.50 64.00     I   0   1   7   7
64.00 64.50    IV   5   4   7   0
64.50 66.00     I   0   1   7   7
66.00 67.00     V   7   5   7   2
67.00 68.00     I   0   1   7   7
68.00 68.50    IV   5   4   7   0
68.50 69.00     V   7   5   7   2
69.00 70.00     I   0   1   7   7
70.00 70.50     V   7   5   7   2
70.50 71.00     I   0   1   7   7
71.00 73.00    IV   5   4   7   0
73.00 75.00     I   0   1   7   7
75.00 77.00    IV   5   4   7   0
77.00 78.00     I   0   1   7   7
78.00 78.50    IV   5   4   7   0
78.50 80.00     I   0   1   7   7
80.00 81.00     V   7   5   7   2
81.00 82.00     I   0   1   7   7
82.00 82.50    IV   5   4   7   0
82.50 83.00     V   7   5   7   2
83.00 84.00     I   0   1   7   7
84.00 84.50     V   7   5   7   2
84.50 85.00     I   0   1   7   7
---
