 0.00  4.00     I   0   1   2   2
 4.00  6.00    IV   5   4   2   7
 6.00  8.00     I   0   1   2   2
 8.00  9.00     V   7   5   2   9
 9.00 10.00    IV   5   4   2   7
10.00 16.00     I   0   1   2   2
16.00 18.00    IV   5   4   2   7
18.00 20.00     I   0   1   2   2
20.00 21.00     V   7   5   2   9
21.00 22.00    IV   5   4   2   7
22.00 28.00     I   0   1   2   2
28.00 30.00    IV   5   4   2   7
30.00 32.00     I   0   1   2   2
32.00 34.00    IV   5   4   2   7
34.00 36.00     V   7   5   2   9
36.00 40.00     I   0   1   2   2
40.00 42.00    IV   5   4   2   7
42.00 44.00     I   0   1   2   2
44.00 45.00     V   7   5   2   9
45.00 46.00    IV   5   4   2   7
46.00 52.00     I   0   1   2   2
52.00 54.00    IV   5   4   2   7
54.00 56.00     I   0   1   2   2
56.00 58.00    IV   5   4   2   7
58.00 60.00     V   7   5   2   9
60.00 64.00     I   0   1   2   2
64.00 66.00    IV   5   4   2   7
66.00 68.00     I   0   1   2   2
68.00 69.00     V   7   5   2   9
69.00 70.00    IV   5   4   2   7
70.00 76.00     I   0   1   2   2
76.00 78.00    IV   5   4   2   7
78.00 80.00     I   0   1   2   2
80.00 81.00     V   7   5   2   9
81.00 82.00    IV   5   4   2   7
82.00 84.00     I   0   1   2   2
84.00 85.00     V   7   5   2   9
85.00 86.00    IV   5   4   2   7
86.00 88.00     I   0   1   2   2
88.00 89.00     V   7   5   2   9
89.00 90.00    IV   5   4   2   7
90.00 94.00     I   0   1   2   2
---
