 0.00 10.50     i   0   1   3   3
10.50 10.75    IV   5   4   3   8
10.75 12.00     i   0   1   3   3
12.00 13.00     V   7   5   3  10
13.00 14.00    IV   5   4   3   8
14.00 14.50     i   0   1   3   3
14.50 14.75    IV   5   4   3   8
14.75 16.00     i   0   1   3   3
16.00 17.00     V   7   5   3  10
17.00 18.00    IV   5   4   3   8
18.00 19.00    vi   9   6   3   0
19.00 20.00    IV   5   4   3   8
20.00 21.00     i   0   1   3   3
21.00 22.00    IV   5   4   3   8
22.00 22.50     i   0   1   3   3
22.50 22.75    IV   5   4   3   8
22.75 24.00     i   0   1   3   3
24.00 26.00    IV   5   4   3   8
26.00 26.50     i   0   1   3   3
26.50 26.75    IV   5   4   3   8
26.75 28.00     i   0   1   3   3
28.00 30.00    IV   5   4   3   8
30.00 34.50     i   0   1   3   3
34.50 34.75    IV   5   4   3   8
34.75 36.00     i   0   1   3   3
36.00 37.00     V   7   5   3  10
37.00 38.00    IV   5   4   3   8
38.00 38.50     i   0   1   3   3
38.50 38.75    IV   5   4   3   8
38.75 40.00     i   0   1   3   3
40.00 41.00     V   7   5   3  10
41.00 42.00    IV   5   4   3   8
42.00 43.00    vi   9   6   3   0
43.00 44.00    IV   5   4   3   8
44.00 45.00     i   0   1   3   3
45.00 46.00    IV   5   4   3   8
46.00 46.50     i   0   1   3   3
46.50 46.75    IV   5   4   3   8
46.75 48.00     i   0   1   3   3
48.00 50.00    IV   5   4   3   8
50.00 50.50     i   0   1   3   3
50.50 50.75    IV   5   4   3   8
50.75 52.00     i   0   1   3   3
52.00 54.00    IV   5   4   3   8
54.00 62.50     i   0   1   3   3
62.50 62.75    IV   5   4   3   8
62.75 64.00     i   0   1   3   3
64.00 65.00     V   7   5   3  10
65.00 66.00    IV   5   4   3   8
66.00 66.50     i   0   1   3   3
66.50 66.75    IV   5   4   3   8
66.75 68.00     i   0   1   3   3
68.00 69.00     V   7   5   3  10
69.00 70.00    IV   5   4   3   8
70.00 71.00    vi   9   6   3   0
71.00 72.00    IV   5   4   3   8
72.00 73.00     i   0   1   3   3
73.00 74.00    IV   5   4   3   8
74.00 74.50     i   0   1   3   3
74.50 74.75    IV   5   4   3   8
74.75 76.00     i   0   1   3   3
76.00 78.00    IV   5   4   3   8
78.00 78.50     i   0   1   3   3
78.50 78.75    IV   5   4   3   8
78.75 80.00     i   0   1   3   3
80.00 82.00    IV   5   4   3   8
82.00 94.00     i   0   1   3   3
---
