 0.00  1.00 bVIId7  10   7   0  10
 1.00  1.50    V7   7   5   0   7
 1.50  2.00  IId7   2   2   0   2
 2.00  3.00     I   0   1   0   0
 3.00  4.00  bVII  10   7   0  10
 4.00  5.00     I   0   1   0   0
 5.00  6.00  bVII  10   7   0  10
 6.00  7.00     I   0   1   0   0
 7.00  8.00  bVII  10   7   0  10
 8.00  9.00     I   0   1   0   0
 9.00 10.00  bVII  10   7   0  10
10.00 11.00     I   0   1   0   0
11.00 12.00  bVII  10   7   0  10
12.00 13.00     I   0   1   0   0
13.00 14.00  bVII  10   7   0  10
14.00 15.00     I   0   1   0   0
15.00 16.00  bVII  10   7   0  10
16.00 17.00     I   0   1   0   0
17.00 18.00  bVII  10   7   0  10
18.00 19.00     I   0   1   0   0
19.00 20.00  bVII  10   7   0  10
20.00 21.00     I   0   1   0   0
21.00 22.00  bVII  10   7   0  10
22.00 23.00     I   0   1   0   0
23.00 24.00  bVII  10   7   0  10
24.00 25.00     I   0   1   0   0
25.00 26.00    V7   7   5   5   0
26.00 30.00     I   0   1   5   5
30.00 32.00  iii7   4   3   5   9
32.00 34.00 biii7   3   3   5   8
34.00 35.00     I   0   1   0   0
35.00 36.00  bVII  10   7   0  10
36.00 37.00     I   0   1   0   0
37.00 38.00  bVII  10   7   0  10
38.00 39.00     I   0   1   0   0
39.00 40.00  bVII  10   7   0  10
40.00 41.00     I   0   1   0   0
41.00 42.00    V7   7   5   5   0
42.00 46.00     I   0   1   5   5
46.00 50.00 V7/ii   9   6   5   2
50.00 52.00   ii7   2   2   5   7
52.00 54.00    V7   7   5   5   0
54.00 56.00     I   0   1   5   5
56.00 58.00 IV7/IV  10   7   5   3
58.00 62.00    IV   5   4   5  10
62.00 64.00     I   0   1   5   5
64.00 66.00 bVId7   8   6   5   1
66.00 67.00     I   0   1   0   0
67.00 68.00  bVII  10   7   0  10
68.00 69.00     I   0   1   0   0
69.00 70.00  bVII  10   7   0  10
70.00 71.00     I   0   1   0   0
71.00 72.00  bVII  10   7   0  10
72.00 73.00     I   0   1   0   0
73.00 74.00    V7   7   5   5   0
74.00 78.00     I   0   1   5   5
78.00 82.00 V7/ii   9   6   5   2
82.00 84.00   ii7   2   2   5   7
84.00 86.00    V7   7   5   5   0
86.00 87.00     I   0   1   0   0
87.00 88.00  bVII  10   7   0  10
88.00 89.00     I   0   1   0   0
89.00 90.00  bVII  10   7   0  10
90.00 91.00     I   0   1   0   0
91.00 92.00  bVII  10   7   0  10
92.00 93.00     I   0   1   0   0
93.00 94.00  bVII  10   7   0  10
94.00 95.00     I   0   1   0   0
95.00 96.00  bVII  10   7   0  10
96.00 97.00     I   0   1   0   0
97.00 98.00  bVII  10   7   0  10
---
