 0.00  6.00   Id7   0   1   4   4
 6.00  7.00  IVd7   5   4   4   9
 7.00 10.00   Id7   0   1   4   4
10.00 12.00     V   7   5   4  11
12.00 14.00     I   0   1   4   4
14.00 15.00    IV   5   4   4   9
15.00 16.00   bVI   8   6   4   0
16.00 17.00     I   0   1   4   4
17.00 18.00     V   7   5   4  11
18.00 22.00   Id7   0   1   4   4
22.00 23.00  IVd7   5   4   4   9
23.00 26.00   Id7   0   1   4   4
26.00 28.00     V   7   5   4  11
28.00 30.00     I   0   1   4   4
30.00 31.00    IV   5   4   4   9
31.00 32.00   bVI   8   6   4   0
32.00 33.00     I   0   1   4   4
33.00 34.00     V   7   5   4  11
34.00 36.00   Id7   0   1   4   4
36.00 42.00    IV   5   4   4   9
42.00 44.00     V   7   5   4  11
44.00 46.00    IV   5   4   4   9
46.00 48.00   Id7   0   1   4   4
48.00 49.00  IVd7   5   4   4   9
49.00 52.00   Id7   0   1   4   4
52.00 54.00     V   7   5   4  11
54.00 56.00     I   0   1   4   4
56.00 57.00    IV   5   4   4   9
57.00 58.00   bVI   8   6   4   0
58.00 59.00     I   0   1   4   4
59.00 60.00     V   7   5   4  11
60.00 68.00   Id7   0   1   4   4
68.00 70.00     V   7   5   4  11
70.00 72.00     I   0   1   4   4
72.00 74.00    IV   5   4   4   9
74.00 75.00     I   0   1   4   4
75.00 76.00     V   7   5   4  11
76.00 78.00   Id7   0   1   4   4
78.00 84.00    IV   5   4   4   9
84.00 86.00     V   7   5   4  11
86.00 88.00    IV   5   4   4   9
88.00 90.00   Id7   0   1   4   4
90.00 91.00  IVd7   5   4   4   9
91.00 94.00   Id7   0   1   4   4
94.00 96.00     V   7   5   4  11
96.00 98.00     I   0   1   4   4
98.00 99.00    IV   5   4   4   9
99.00 100.00   bVI   8   6   4   0
100.00 101.00     I   0   1   4   4
101.00 102.00     V   7   5   4  11
102.00 105.00   Id7   0   1   4   4
105.00 106.00     V   7   5   4  11
106.00 109.00   Id7   0   1   4   4
109.00 110.00     V   7   5   4  11
110.00 111.00    IV   5   4   4   9
111.00 112.00     I   0   1   4   4
---
