 0.00 15.00     I   0   1   1   1
15.00 17.00    IV   5   4   1   6
17.00 23.00     I   0   1   1   1
23.00 25.00    IV   5   4   1   6
25.00 27.00     I   0   1   1   1
27.00 28.00     V   7   5   1   8
28.00 29.00    IV   5   4   1   6
29.00 31.00     I   0   1   1   1
31.00 32.00     V   7   5   1   8
32.00 33.00    IV   5   4   1   6
33.00 39.00     I   0   1   1   1
39.00 41.00    IV   5   4   1   6
41.00 47.00     I   0   1   1   1
47.00 49.00    IV   5   4   1   6
49.00 51.00     I   0   1   1   1
51.00 52.00     V   7   5   1   8
52.00 53.00    IV   5   4   1   6
53.00 55.00     I   0   1   1   1
55.00 56.00     V   7   5   1   8
56.00 57.00    IV   5   4   1   6
57.00 65.00     I   0   1   1   1
65.00 67.00    IV   5   4   1   6
67.00 73.00     I   0   1   1   1
73.00 75.00    IV   5   4   1   6
75.00 81.00     I   0   1   1   1
81.00 83.00    IV   5   4   1   6
83.00 85.00     I   0   1   1   1
85.00 86.00     V   7   5   1   8
86.00 87.00    IV   5   4   1   6
87.00 89.00     I   0   1   1   1
89.00 90.00     V   7   5   1   8
90.00 91.00    IV   5   4   1   6
91.00 93.00     I   0   1   1   1
93.00 94.00     V   7   5   1   8
94.00 95.00    IV   5   4   1   6
95.00 97.00     I   0   1   1   1
97.00 98.00     V   7   5   1   8
98.00 99.00    IV   5   4   1   6
99.00 105.00     I   0   1   1   1
105.00 107.00    IV   5   4   1   6
107.00 109.00     I   0   1   1   1
---
