 0.00  6.00     I   0   1   4   4
 6.00  7.00    IV   5   4   4   9
 7.00 10.00     I   0   1   4   4
10.00 11.00    IV   5   4   4   9
11.00 12.00     I   0   1   4   4
12.00 13.00     V   7   5   4  11
13.00 14.00     I   0   1   4   4
14.00 15.00     V   7   5   4  11
15.00 16.00     I   0   1   4   4
16.00 17.00     V   7   5   4  11
17.00 18.00     I   0   1   4   4
18.00 19.00    IV   5   4   4   9
19.00 20.00     V   7   5   4  11
20.00 24.00     I   0   1   4   4
24.00 25.00    IV   5   4   4   9
25.00 28.00     I   0   1   4   4
28.00 29.00    IV   5   4   4   9
29.00 30.00     I   0   1   4   4
30.00 31.00     V   7   5   4  11
31.00 32.00     I   0   1   4   4
32.00 33.00     V   7   5   4  11
33.00 34.00     I   0   1   4   4
34.00 35.00     V   7   5   4  11
35.00 36.00     I   0   1   4   4
36.00 37.00    IV   5   4   4   9
37.00 38.00     V   7   5   4  11
38.00 39.00     I   0   1   4   4
39.00 40.00    IV   5   4   4   9
40.00 41.00     V   7   5   4  11
41.00 43.00     I   0   1   4   4
43.00 44.00    IV   5   4   4   9
44.00 45.00     V   7   5   4  11
45.00 48.00     I   0   1   4   4
48.00 50.00     I   0   1   6   6
50.00 51.00    IV   5   4   6  11
51.00 54.00     I   0   1   6   6
54.00 55.00    IV   5   4   6  11
55.00 56.00     I   0   1   6   6
56.00 57.00     V   7   5   6   1
57.00 58.00     I   0   1   6   6
58.00 59.00     V   7   5   6   1
59.00 60.00     I   0   1   6   6
60.00 61.00     V   7   5   6   1
61.00 62.00     I   0   1   6   6
62.00 63.00    IV   5   4   6  11
63.00 64.00     V   7   5   6   1
64.00 68.00     I   0   1   6   6
68.00 69.00    IV   5   4   6  11
69.00 72.00     I   0   1   6   6
72.00 73.00    IV   5   4   6  11
73.00 74.00     I   0   1   6   6
74.00 75.00     V   7   5   6   1
75.00 76.00     I   0   1   6   6
76.00 77.00     V   7   5   6   1
77.00 78.00     I   0   1   6   6
78.00 79.00     V   7   5   6   1
79.00 80.00     I   0   1   6   6
80.00 81.00    IV   5   4   6  11
81.00 82.00     V   7   5   6   1
82.00 83.00     I   0   1   6   6
83.00 84.00    IV   5   4   6  11
84.00 85.00     V   7   5   6   1
85.00 87.00     I   0   1   6   6
87.00 88.00    IV   5   4   6  11
88.00 89.00     V   7   5   6   1
89.00 91.00     I   0   1   6   6
91.00 92.00    IV   5   4   6  11
92.00 93.00     V   7   5   6   1
93.00 95.00     I   0   1   6   6
95.00 96.00    IV   5   4   6  11
96.00 97.00     V   7   5   6   1
97.00 98.00     I   0   1   6   6
---
