 0.75  1.00    IV   5   4   7   0
 1.00  1.75     V   7   5   7   2
 1.75  2.00    IV   5   4   7   0
 2.00  2.75     V   7   5   7   2
 2.75  3.00    IV   5   4   7   0
 3.00  5.00     V   7   5   7   2
 5.00  6.00     I   0   1   7   7
 6.00  7.00     V   7   5   7   2
 7.00  8.00    vi   9   6   7   4
 8.00  9.00   iii   4   3   7  11
 9.00 10.00     I   0   1   7   7
10.00 11.00     V   7   5   7   2
11.00 12.00    vi   9   6   7   4
12.00 13.00   iii   4   3   7  11
13.00 13.50    IV   5   4   7   0
13.50 14.00     V   7   5   7   2
14.00 14.50     I   0   1   7   7
14.50 15.00    vi   9   6   7   4
15.00 15.50    IV   5   4   7   0
15.50 16.00     V   7   5   7   2
16.00 18.00     I   0   1   7   7
18.00 19.00     V   7   5   7   2
19.00 20.00    vi   9   6   7   4
20.00 21.00   iii   4   3   7  11
21.00 22.00     I   0   1   7   7
22.00 23.00     V   7   5   7   2
23.00 24.00    vi   9   6   7   4
24.00 25.00   iii   4   3   7  11
25.00 25.50    IV   5   4   7   0
25.50 26.00     V   7   5   7   2
26.00 26.50     I   0   1   7   7
26.50 27.00    vi   9   6   7   4
27.00 27.50    IV   5   4   7   0
27.50 28.00     V   7   5   7   2
28.00 29.00     I   0   1   7   7
29.00 30.00   ii7   2   2   0   2
30.00 31.00     V   7   5   0   7
31.00 32.00     I   0   1   0   0
32.00 33.00    vi   9   6   0   9
33.00 34.00   ii7   2   2   0   2
34.00 35.00     V   7   5   0   7
35.00 36.00     I   0   1   0   0
36.00 36.75     V   7   5   7   2
36.75 37.00    IV   5   4   7   0
37.00 37.75     V   7   5   7   2
37.75 38.00    IV   5   4   7   0
38.00 40.00     V   7   5   7   2
40.00 41.00     I   0   1   7   7
41.00 42.00     V   7   5   7   2
42.00 43.00    vi   9   6   7   4
43.00 44.00   iii   4   3   7  11
44.00 45.00     I   0   1   7   7
45.00 46.00     V   7   5   7   2
46.00 47.00    vi   9   6   7   4
47.00 48.00   iii   4   3   7  11
48.00 48.50    IV   5   4   7   0
48.50 49.00     V   7   5   7   2
49.00 49.50     I   0   1   7   7
49.50 50.00    vi   9   6   7   4
50.00 50.50    IV   5   4   7   0
50.50 51.00     V   7   5   7   2
51.00 52.00     I   0   1   7   7
52.00 53.00   ii7   2   2   0   2
53.00 54.00     V   7   5   0   7
54.00 55.00     I   0   1   0   0
55.00 56.00    vi   9   6   0   9
56.00 57.00   ii7   2   2   0   2
57.00 58.00     V   7   5   0   7
58.00 59.00     I   0   1   0   0
59.00 59.75     V   7   5   7   2
59.75 60.00    IV   5   4   7   0
60.00 60.75     V   7   5   7   2
60.75 61.00    IV   5   4   7   0
61.00 63.00     V   7   5   7   2
63.00 64.00     I   0   1   7   7
64.00 65.00     V   7   5   7   2
65.00 66.00    vi   9   6   7   4
66.00 67.00   iii   4   3   7  11
67.00 68.00     I   0   1   7   7
68.00 69.00     V   7   5   7   2
69.00 70.00    vi   9   6   7   4
70.00 71.00   iii   4   3   7  11
71.00 71.50    IV   5   4   7   0
71.50 72.00     V   7   5   7   2
72.00 72.50     I   0   1   7   7
72.50 73.00    vi   9   6   7   4
73.00 73.50    IV   5   4   7   0
73.50 74.00     V   7   5   7   2
74.00 75.00   iii   4   3   7  11
75.00 75.50    IV   5   4   7   0
75.50 76.00     V   7   5   7   2
76.00 77.00    IV   5   4   7   0
77.00 78.00     I   0   1   7   7
---
