 0.00  2.00     I   0   1  10  10
 2.00  4.00    IV   5   4  10   3
 4.00  6.00     I   0   1  10  10
 6.00  8.00     V   7   5  10   5
 8.00 10.00     V   7   5   5   0
10.00 19.00     I   0   1   5   5
19.00 21.00     V   7   5   5   0
21.00 23.00     I   0   1   5   5
23.00 25.00     V   7   5   5   0
25.00 27.00     I   0   1   5   5
27.00 29.00    IV   5   4   5  10
29.00 31.00     I   0   1   5   5
31.00 33.00     V   7   5   5   0
33.00 35.00     I   0   1   5   5
35.00 43.00     I   0   1  10  10
43.00 45.00     V   7   5  10   5
45.00 47.00     I   0   1  10  10
47.00 49.00     V   7   5  10   5
49.00 51.00     I   0   1  10  10
51.00 53.00    IV   5   4  10   3
53.00 55.00     I   0   1  10  10
55.00 57.00     V   7   5  10   5
57.00 59.00     I   0   1  10  10
59.00 67.00     I   0   1   3   3
67.00 69.00     V   7   5   3  10
69.00 71.00     I   0   1   3   3
71.00 73.00     V   7   5   3  10
73.00 75.00     I   0   1   3   3
75.00 77.00    IV   5   4   3   8
77.00 79.00     I   0   1   3   3
79.00 81.00     V   7   5   3  10
81.00 83.00     I   0   1   3   3
83.00 92.00     I   0   1  10  10
92.00 94.00     V   7   5  10   5
94.00 96.00     I   0   1  10  10
96.00 98.00     V   7   5  10   5
98.00 100.00     I   0   1  10  10
100.00 102.00    IV   5   4  10   3
102.00 104.00     I   0   1  10  10
104.00 106.00     V   7   5  10   5
106.00 108.00     I   0   1  10  10
108.00 117.00     I   0   1   5   5
117.00 119.00     V   7   5   5   0
119.00 121.00     I   0   1   5   5
121.00 123.00     V   7   5   5   0
123.00 125.00     I   0   1   5   5
125.00 127.00    IV   5   4   5  10
127.00 129.00     I   0   1   5   5
129.00 131.00     V   7   5   5   0
131.00 134.00     I   0   1   5   5
---
