 0.00  1.00     I   0   1   4   4
 1.00  2.00     V   7   5   4  11
 2.00 12.00     I   0   1   4   4
12.00 14.00    IV   5   4   4   9
14.00 17.00     I   0   1   4   4
17.00 18.00     V   7   5   4  11
18.00 28.00     I   0   1   4   4
28.00 30.00    IV   5   4   4   9
30.00 33.00     I   0   1   4   4
33.00 34.00     V   7   5   4  11
34.00 44.00     I   0   1   4   4
44.00 46.00    IV   5   4   4   9
46.00 49.00     I   0   1   4   4
49.00 50.00     V   7   5   4  11
50.00 60.00     I   0   1   4   4
60.00 62.00    IV   5   4   4   9
62.00 65.00     I   0   1   4   4
65.00 66.00     V   7   5   4  11
66.00 76.00     I   0   1   4   4
76.00 78.00    IV   5   4   4   9
78.00 81.00     I   0   1   4   4
81.00 82.00     V   7   5   4  11
82.00 92.00     I   0   1   4   4
92.00 94.00    IV   5   4   4   9
94.00 97.00     I   0   1   4   4
97.00 98.00     V   7   5   4  11
98.00 100.00     I   0   1   4   4
---
