 0.00  1.00     I   0   1   2   2
 1.00  2.00    IV   5   4   2   7
 2.00  3.00     I   0   1   2   2
 3.00  4.00    IV   5   4   2   7
 4.00  5.00     I   0   1   2   2
 5.00  6.00    IV   5   4   2   7
 6.00  7.00     I   0   1   2   2
 7.00  8.00    IV   5   4   2   7
 8.00  9.00     I   0   1   2   2
 9.00 10.00    IV   5   4   2   7
10.00 11.00     I   0   1   2   2
11.00 12.00    IV   5   4   2   7
12.00 13.00     I   0   1   2   2
13.00 14.00    IV   5   4   2   7
14.00 15.00     I   0   1   2   2
15.00 16.00    IV   5   4   2   7
16.00 17.00     I   0   1   2   2
17.00 18.00   III   4   3   2   6
18.00 19.00    IV   5   4   2   7
19.00 20.00     V   7   5   2   9
20.00 21.00     I   0   1   2   2
21.00 22.00    IV   5   4   2   7
22.00 23.00     I   0   1   2   2
23.00 24.00    IV   5   4   2   7
24.00 25.00     I   0   1   2   2
25.00 26.00    IV   5   4   2   7
26.00 27.00     I   0   1   2   2
27.00 28.00    IV   5   4   2   7
28.00 29.00     I   0   1   2   2
29.00 30.00    IV   5   4   2   7
30.00 31.00     I   0   1   2   2
31.00 32.00    IV   5   4   2   7
32.00 33.00     I   0   1   2   2
33.00 34.00    IV   5   4   2   7
34.00 35.00     I   0   1   2   2
35.00 36.00   III   4   3   2   6
36.00 37.00    IV   5   4   2   7
37.00 38.00     V   7   5   2   9
38.00 39.00     I   0   1   2   2
39.00 40.00    IV   5   4   2   7
40.00 41.00     I   0   1   2   2
41.00 42.00    IV   5   4   2   7
42.00 43.00     I   0   1   2   2
43.00 44.00    IV   5   4   2   7
44.00 45.00     I   0   1   2   2
45.00 46.00    IV   5   4   2   7
46.00 47.00     I   0   1   2   2
47.00 48.00    IV   5   4   2   7
48.00 49.00     I   0   1   2   2
49.00 50.00    IV   5   4   2   7
50.00 51.00     I   0   1   2   2
51.00 52.00    IV   5   4   2   7
52.00 53.00     I   0   1   2   2
53.00 54.00   III   4   3   2   6
54.00 55.00    IV   5   4   2   7
55.00 56.00     V   7   5   2   9
56.00 57.00     I   0   1   2   2
57.00 58.00    IV   5   4   2   7
58.00 59.00     I   0   1   2   2
59.00 60.00    IV   5   4   2   7
60.00 61.00     I   0   1   2   2
61.00 62.00    IV   5   4   2   7
62.00 63.00     I   0   1   2   2
63.00 64.00    IV   5   4   2   7
64.00 65.00     I   0   1   2   2
65.00 66.00    IV   5   4   2   7
66.00 67.00     I   0   1   2   2
67.00 68.00    IV   5   4   2   7
68.00 69.00     I   0   1   2   2
69.00 70.00    IV   5   4   2   7
70.00 71.00     I   0   1   2   2
71.00 72.00    IV   5   4   2   7
72.00 73.00     I   0   1   2   2
73.00 74.00    IV   5   4   2   7
74.00 75.00     I   0   1   2   2
75.00 76.00    IV   5   4   2   7
76.00 77.00     I   0   1   2   2
77.00 78.00    IV   5   4   2   7
78.00 79.00     I   0   1   2   2
79.00 80.00    IV   5   4   2   7
80.00 81.00     I   0   1   2   2
81.00 82.00    IV   5   4   2   7
82.00 83.00     I   0   1   2   2
83.00 84.00    IV   5   4   2   7
84.00 85.00     I   0   1   2   2
85.00 86.00    IV   5   4   2   7
86.00 87.00     I   0   1   2   2
87.00 88.00    IV   5   4   2   7
88.00 89.00     I   0   1   2   2
89.00 90.00   III   4   3   2   6
90.00 91.00    IV   5   4   2   7
91.00 92.00     V   7   5   2   9
92.00 93.00     I   0   1   2   2
93.00 94.00    IV   5   4   2   7
94.00 95.00     I   0   1   2   2
95.00 96.00    IV   5   4   2   7
96.00 97.00     I   0   1   2   2
97.00 98.00    IV   5   4   2   7
98.00 99.00     I   0   1   2   2
99.00 100.00    IV   5   4   2   7
100.00 101.00     I   0   1   2   2
101.00 102.00    IV   5   4   2   7
102.00 103.00     I   0   1   2   2
103.00 104.00    IV   5   4   2   7
104.00 105.00     I   0   1   2   2
105.00 106.00    IV   5   4   2   7
106.00 107.00     I   0   1   2   2
107.00 108.00    IV   5   4   2   7
108.00 109.00     I   0   1   2   2
109.00 110.00   III   4   3   2   6
110.00 111.00    IV   5   4   2   7
111.00 112.00     V   7   5   2   9
112.00 113.00     I   0   1   2   2
113.00 114.00    IV   5   4   2   7
114.00 115.00     I   0   1   2   2
115.00 116.00    IV   5   4   2   7
116.00 117.00     I   0   1   2   2
117.00 118.00    IV   5   4   2   7
118.00 119.00     I   0   1   2   2
119.00 120.00    IV   5   4   2   7
120.00 121.00     I   0   1   2   2
121.00 122.00    IV   5   4   2   7
122.00 123.00     I   0   1   2   2
123.00 124.00    IV   5   4   2   7
124.00 125.00     I   0   1   2   2
125.00 126.00    IV   5   4   2   7
126.00 127.00     I   0   1   2   2
127.00 128.00    IV   5   4   2   7
128.00 129.00     I   0   1   2   2
129.00 130.00    IV   5   4   2   7
130.00 131.00     I   0   1   2   2
131.00 132.00    IV   5   4   2   7
132.00 133.00     I   0   1   2   2
133.00 134.00    IV   5   4   2   7
134.00 135.00     I   0   1   2   2
135.00 136.00    IV   5   4   2   7
136.00 137.00     I   0   1   2   2
137.00 138.00    IV   5   4   2   7
138.00 139.00     I   0   1   2   2
139.00 140.00    IV   5   4   2   7
140.00 141.00     I   0   1   2   2
141.00 142.00    IV   5   4   2   7
---
