 0.00  1.00     I   0   1   0   0
 1.00  2.00    IV   5   4   0   5
 2.00  3.00     I   0   1   0   0
 3.00  4.00    IV   5   4   0   5
 4.00  5.00     I   0   1   0   0
 5.00  6.00    IV   5   4   0   5
 6.00  7.00     I   0   1   0   0
 7.00  8.00    IV   5   4   0   5
 8.00  9.00     I   0   1   0   0
 9.00 10.00    IV   5   4   0   5
10.00 11.00     I   0   1   0   0
11.00 12.50    IV   5   4   0   5
12.50 13.00  vi64   9   6   0   9
13.00 13.50    ii   2   2   0   2
13.50 14.00  IV64   5   4   0   5
14.00 16.00     V   7   5   0   7
16.00 17.00     I   0   1   0   0
17.00 18.00    IV   5   4   0   5
18.00 19.00     I   0   1   0   0
19.00 20.00    IV   5   4   0   5
20.00 21.00     I   0   1   0   0
21.00 22.00    IV   5   4   0   5
22.00 23.00     I   0   1   0   0
23.00 24.50    IV   5   4   0   5
24.50 25.00  vi64   9   6   0   9
25.00 25.50    ii   2   2   0   2
25.50 26.00  IV64   5   4   0   5
26.00 28.00     V   7   5   0   7
28.00 28.50    IV   5   4   0   5
28.50 29.00     V   7   5   0   7
29.00 29.50     I   0   1   0   0
29.50 30.00   III   4   3   0   4
30.00 30.50    IV   5   4   0   5
30.50 31.00     V   7   5   0   7
31.00 31.50     I   0   1   0   0
31.50 32.00   III   4   3   0   4
32.00 32.50    IV   5   4   0   5
32.50 33.00     V   7   5   0   7
33.00 33.50     I   0   1   0   0
33.50 34.00   III   4   3   0   4
34.00 34.50    IV   5   4   0   5
34.50 35.00     V   7   5   0   7
35.00 37.00     I   0   1   0   0
37.00 38.00    IV   5   4   0   5
38.00 39.00     I   0   1   0   0
39.00 40.00    IV   5   4   0   5
40.00 41.00     I   0   1   0   0
41.00 42.00    IV   5   4   0   5
42.00 43.00     I   0   1   0   0
43.00 44.50    IV   5   4   0   5
44.50 45.00  vi64   9   6   0   9
45.00 45.50    ii   2   2   0   2
45.50 46.00  IV64   5   4   0   5
46.00 48.00     V   7   5   0   7
48.00 48.50    IV   5   4   0   5
48.50 49.00     V   7   5   0   7
49.00 49.50     I   0   1   0   0
49.50 50.00   III   4   3   0   4
50.00 50.50    IV   5   4   0   5
50.50 51.00     V   7   5   0   7
51.00 51.50     I   0   1   0   0
51.50 52.00   III   4   3   0   4
52.00 52.50    IV   5   4   0   5
52.50 53.00     V   7   5   0   7
53.00 53.50     I   0   1   0   0
53.50 54.00   III   4   3   0   4
54.00 54.50    IV   5   4   0   5
54.50 55.00     V   7   5   0   7
55.00 56.00     I   0   1   0   0
---
