 0.00  0.50     I   0   1  10  10
 0.50  1.00    vi   9   6  10   7
 1.00  1.50     V   7   5  10   5
 1.50  2.00  bVII  10   7  10   8
 2.00  2.50     I   0   1  10  10
 2.50  3.00    vi   9   6  10   7
 3.00  3.50     V   7   5  10   5
 3.50  4.00  bVII  10   7  10   8
 4.00  4.50     i   0   1  10  10
 4.50  5.00   bVI   8   6  10   6
 5.00  5.50    IV   5   4  10   3
 5.50  5.75   bII   1   2  10  11
 5.75  6.00   vii  11   7  10   9
 6.00  6.50     i   0   1  10  10
 6.50  7.00   bVI   8   6  10   6
 7.00  7.50    IV   5   4  10   3
 7.50  7.75   bII   1   2  10  11
 7.75  8.00   vii  11   7  10   9
 8.00  8.50     i   0   1  10  10
 8.50  9.00   bVI   8   6  10   6
 9.00  9.50    IV   5   4  10   3
 9.50  9.75   bII   1   2  10  11
 9.75 10.00   vii  11   7  10   9
10.00 10.50     i   0   1  10  10
10.50 11.00   bVI   8   6  10   6
11.00 11.50    IV   5   4  10   3
11.50 11.75   bII   1   2  10  11
11.75 12.00   vii  11   7  10   9
12.00 12.50     i   0   1  10  10
12.50 13.00   bVI   8   6  10   6
13.00 13.50    IV   5   4  10   3
13.50 13.75   bII   1   2  10  11
13.75 14.00   vii  11   7  10   9
14.00 14.50     i   0   1  10  10
14.50 15.00   bVI   8   6  10   6
15.00 15.50    IV   5   4  10   3
15.50 15.75   bII   1   2  10  11
15.75 16.00   vii  11   7  10   9
16.00 16.50     I   0   1  10  10
16.50 17.00    vi   9   6  10   7
17.00 17.50     I   0   1  10  10
17.50 18.00    vi   9   6  10   7
18.00 18.50     I   0   1  10  10
18.50 19.00    vi   9   6  10   7
19.00 19.50     I   0   1  10  10
19.50 20.00    vi   9   6  10   7
20.00 20.50    II   2   2  10   0
20.50 21.00    IV   5   4  10   3
21.00 21.50    II   2   2  10   0
21.50 22.00    IV   5   4  10   3
22.00 22.50     I   0   1  10  10
22.50 23.00    vi   9   6  10   7
23.00 23.50     I   0   1  10  10
23.50 24.00    vi   9   6  10   7
24.00 24.50     I   0   1  10  10
24.50 25.00    vi   9   6  10   7
25.00 25.50     I   0   1  10  10
25.50 26.00    vi   9   6  10   7
26.00 26.50    II   2   2  10   0
26.50 27.00    IV   5   4  10   3
27.00 27.50    II   2   2  10   0
27.50 28.00    IV   5   4  10   3
28.00 28.50     I   0   1  10  10
28.50 29.00    vi   9   6  10   7
29.00 29.50     V   7   5  10   5
29.50 30.00  bVII  10   7  10   8
30.00 30.50     I   0   1  10  10
30.50 31.00    vi   9   6  10   7
31.00 31.50     V   7   5  10   5
31.50 32.00  bVII  10   7  10   8
32.00 32.50     i   0   1  10  10
32.50 33.00   bVI   8   6  10   6
33.00 33.50    IV   5   4  10   3
33.50 33.75   bII   1   2  10  11
33.75 34.00   vii  11   7  10   9
34.00 34.50     i   0   1  10  10
34.50 35.00   bVI   8   6  10   6
35.00 35.50    IV   5   4  10   3
35.50 35.75   bII   1   2  10  11
35.75 36.00   vii  11   7  10   9
36.00 36.50     i   0   1  10  10
36.50 37.00   bVI   8   6  10   6
37.00 37.50    IV   5   4  10   3
37.50 37.75   bII   1   2  10  11
37.75 38.00   vii  11   7  10   9
38.00 38.50     i   0   1  10  10
38.50 39.00   bVI   8   6  10   6
39.00 39.50    IV   5   4  10   3
39.50 39.75   bII   1   2  10  11
39.75 40.00   vii  11   7  10   9
40.00 40.50     I   0   1  10  10
40.50 41.00    vi   9   6  10   7
41.00 41.50     I   0   1  10  10
41.50 42.00    vi   9   6  10   7
42.00 42.50     I   0   1  10  10
42.50 43.00    vi   9   6  10   7
43.00 43.50     I   0   1  10  10
43.50 44.00    vi   9   6  10   7
44.00 44.50    II   2   2  10   0
44.50 45.00    IV   5   4  10   3
45.00 45.50    II   2   2  10   0
45.50 46.00    IV   5   4  10   3
46.00 46.50     I   0   1  10  10
46.50 47.00    vi   9   6  10   7
47.00 47.50     I   0   1  10  10
47.50 48.00    vi   9   6  10   7
48.00 48.50     I   0   1  10  10
48.50 49.00    vi   9   6  10   7
49.00 49.50     I   0   1  10  10
49.50 50.00    vi   9   6  10   7
50.00 50.50    II   2   2  10   0
50.50 51.00    IV   5   4  10   3
51.00 51.50    II   2   2  10   0
51.50 52.00    IV   5   4  10   3
52.00 52.50     I   0   1  10  10
52.50 53.00    vi   9   6  10   7
53.00 53.50     V   7   5  10   5
53.50 54.00  bVII  10   7  10   8
54.00 54.50     I   0   1  10  10
54.50 55.00    vi   9   6  10   7
55.00 55.50     V   7   5  10   5
55.50 56.00  bVII  10   7  10   8
56.00 56.50     i   0   1  10  10
56.50 57.00   bVI   8   6  10   6
57.00 57.50    IV   5   4  10   3
57.50 57.75   bII   1   2  10  11
57.75 58.00   vii  11   7  10   9
58.00 58.50     i   0   1  10  10
58.50 59.00   bVI   8   6  10   6
59.00 59.50    IV   5   4  10   3
59.50 59.75   bII   1   2  10  11
59.75 60.00   vii  11   7  10   9
60.00 60.50     i   0   1  10  10
60.50 61.00   bVI   8   6  10   6
61.00 61.50    IV   5   4  10   3
61.50 61.75   bII   1   2  10  11
61.75 62.00   vii  11   7  10   9
62.00 62.50     i   0   1  10  10
62.50 63.00   bVI   8   6  10   6
63.00 63.50    IV   5   4  10   3
63.50 63.75   bII   1   2  10  11
63.75 64.00   vii  11   7  10   9
64.00 64.50     I   0   1  10  10
64.50 65.00    vi   9   6  10   7
65.00 65.50     I   0   1  10  10
65.50 66.00    vi   9   6  10   7
66.00 66.50     I   0   1  10  10
66.50 67.00    vi   9   6  10   7
67.00 67.50     I   0   1  10  10
67.50 68.00    vi   9   6  10   7
68.00 68.50    II   2   2  10   0
68.50 69.00    IV   5   4  10   3
69.00 69.50    II   2   2  10   0
69.50 70.00    IV   5   4  10   3
70.00 70.50     I   0   1  10  10
70.50 71.00    vi   9   6  10   7
71.00 71.50     I   0   1  10  10
71.50 72.00    vi   9   6  10   7
72.00 72.50     I   0   1  10  10
72.50 73.00    vi   9   6  10   7
73.00 73.50     I   0   1  10  10
73.50 74.00    vi   9   6  10   7
74.00 74.50    II   2   2  10   0
74.50 75.00    IV   5   4  10   3
75.00 75.50    II   2   2  10   0
75.50 76.00    IV   5   4  10   3
76.00 76.50    II   2   2  10   0
76.50 77.00    IV   5   4  10   3
77.00 77.50    II   2   2  10   0
77.50 78.00    IV   5   4  10   3
78.00 78.50     I   0   1  10  10
78.50 79.00    vi   9   6  10   7
79.00 79.50     V   7   5  10   5
79.50 80.00  bVII  10   7  10   8
80.00 80.50     I   0   1  10  10
80.50 81.00    vi   9   6  10   7
81.00 81.50     V   7   5  10   5
81.50 82.00  bVII  10   7  10   8
82.00 83.00     I   0   1  10  10
---
