 0.00  1.00     I   0   1   9   9
 1.00  2.00     V   7   5   9   4
 2.00  3.00     I   0   1   9   9
 3.00  4.00     V   7   5   9   4
 4.00  4.50     I   0   1   9   9
 4.50  5.00     V   7   5   9   4
 5.00  5.50    vi   9   6   9   6
 5.50  6.00 V42/IV   0   1   9   9
 6.00  7.00    IV   5   4   9   2
 7.00  8.50     I   0   1   9   9
 8.50  9.00     V   7   5   9   4
 9.00  9.50    vi   9   6   9   6
 9.50 10.00 V42/IV   0   1   9   9
10.00 11.00    IV   5   4   9   2
11.00 12.00     I   0   1   9   9
12.00 13.00    vi   9   6   9   6
13.00 14.00   ii6   2   2   9  11
14.00 15.00  bVII  10   7   9   7
15.00 16.00     I   0   1   9   9
16.00 17.00    vi   9   6   9   6
17.00 18.00    II   2   2   9  11
18.00 19.00   iv7   5   4   9   2
19.00 21.00     I   0   1   9   9
21.00 22.00     V   7   5   9   4
22.00 22.50     I   0   1   9   9
22.50 23.00     V   7   5   9   4
23.00 23.50    vi   9   6   9   6
23.50 24.00 V42/IV   0   1   9   9
24.00 25.00    IV   5   4   9   2
25.00 26.50     I   0   1   9   9
26.50 27.00     V   7   5   9   4
27.00 27.50    vi   9   6   9   6
27.50 28.00 V42/IV   0   1   9   9
28.00 29.00    IV   5   4   9   2
29.00 30.00     I   0   1   9   9
30.00 31.00    vi   9   6   9   6
31.00 32.00   ii6   2   2   9  11
32.00 33.00  bVII  10   7   9   7
33.00 34.00     I   0   1   9   9
34.00 35.00    vi   9   6   9   6
35.00 36.00    II   2   2   9  11
36.00 37.00   iv7   5   4   9   2
37.00 38.50     I   0   1   9   9
38.50 39.00     V   7   5   9   4
39.00 39.50    vi   9   6   9   6
39.50 40.00 V42/IV   0   1   9   9
40.00 41.00    IV   5   4   9   2
41.00 42.50     I   0   1   9   9
42.50 43.00     V   7   5   9   4
43.00 43.50    vi   9   6   9   6
43.50 44.00 V42/IV   0   1   9   9
44.00 45.00    IV   5   4   9   2
45.00 46.00     I   0   1   9   9
46.00 47.00    vi   9   6   9   6
47.00 48.00   ii6   2   2   9  11
48.00 49.00  bVII  10   7   9   7
49.00 50.00     I   0   1   9   9
50.00 51.00    vi   9   6   9   6
51.00 52.00    II   2   2   9  11
52.00 53.00   iv7   5   4   9   2
53.00 55.00     I   0   1   9   9
55.00 56.00     V   7   5   9   4
56.00 57.00   iv7   5   4   9   2
57.00 58.00     I   0   1   9   9
58.00 59.00     V   7   5   9   4
59.00 60.00     I   0   1   9   9
---
