 0.00  1.00     I   0   1   6   6
 1.00  2.00    vi   9   6   6   3
 2.00  3.00    IV   5   4   6  11
 3.00  4.00    V7   7   5   6   1
 4.00  5.00     I   0   1   6   6
 5.00  6.00    vi   9   6   6   3
 6.00  7.00    IV   5   4   6  11
 7.00  8.00    V7   7   5   6   1
 8.00  9.00     I   0   1   6   6
 9.00 10.00    vi   9   6   6   3
10.00 11.00    IV   5   4   6  11
11.00 12.00    V7   7   5   6   1
12.00 12.50     I   0   1   6   6
12.50 13.00    IV   5   4   6  11
13.00 14.00     I   0   1   6   6
14.00 16.00    IV   5   4   6  11
16.00 18.00     I   0   1   6   6
18.00 20.00    IV   5   4   6  11
20.00 22.00    V7   7   5   6   1
22.00 23.00     I   0   1   6   6
23.00 24.00    vi   9   6   6   3
24.00 25.00    IV   5   4   6  11
25.00 26.00    V7   7   5   6   1
26.00 26.50     I   0   1   6   6
26.50 27.00    IV   5   4   6  11
27.00 27.50     I   0   1   6   6
27.50 28.00    V7   7   5   6   1
28.00 29.00     I   0   1   6   6
29.00 30.00    vi   9   6   6   3
30.00 31.00    IV   5   4   6  11
31.00 32.00    V7   7   5   6   1
32.00 33.00     I   0   1   6   6
33.00 34.00    vi   9   6   6   3
34.00 35.00    IV   5   4   6  11
35.00 36.00    V7   7   5   6   1
36.00 36.50     I   0   1   6   6
36.50 37.00    IV   5   4   6  11
37.00 37.50     I   0   1   6   6
37.50 38.00    V7   7   5   6   1
38.00 39.00     I   0   1   6   6
39.00 40.00    vi   9   6   6   3
40.00 41.00    IV   5   4   6  11
41.00 42.00    V7   7   5   6   1
42.00 42.50     I   0   1   6   6
42.50 43.00    IV   5   4   6  11
43.00 44.00    V7   7   5   6   1
44.00 45.00     I   0   1   6   6
45.00 46.00    vi   9   6   6   3
46.00 47.00    IV   5   4   6  11
47.00 48.00    V7   7   5   6   1
48.00 49.00     I   0   1   6   6
49.00 50.00    vi   9   6   6   3
50.00 51.00    IV   5   4   6  11
51.00 52.00    V7   7   5   6   1
---
