 0.00  1.00  bVII  10   7   4   2
 1.00  2.00     V   7   5   4  11
 2.00  3.00    IV   5   4   4   9
 3.00  4.00  bIII   3   3   4   7
 4.00  4.50     I   0   1   4   4
 4.50  5.00    IV   5   4   4   9
 5.00  5.50     I   0   1   4   4
 5.50  6.00    IV   5   4   4   9
 6.00  6.50     I   0   1   4   4
 6.50  7.00    IV   5   4   4   9
 7.00  7.50     I   0   1   4   4
 7.50  8.00    IV   5   4   4   9
 8.00  8.50     I   0   1   4   4
 8.50  9.00    IV   5   4   4   9
 9.00  9.50     I   0   1   4   4
 9.50 10.00    IV   5   4   4   9
10.00 10.50     I   0   1   4   4
10.50 11.00    IV   5   4   4   9
11.00 11.50     I   0   1   4   4
11.50 12.00    IV   5   4   4   9
12.00 12.50     I   0   1   4   4
12.50 13.00    IV   5   4   4   9
13.00 13.50     I   0   1   4   4
13.50 14.00    IV   5   4   4   9
14.00 15.00     V   7   5   4  11
15.00 16.00    IV   5   4   4   9
16.00 17.00     V   7   5   4  11
17.00 18.00    IV   5   4   4   9
18.00 18.50     I   0   1   4   4
18.50 19.00    IV   5   4   4   9
19.00 19.50     I   0   1   4   4
19.50 20.00    IV   5   4   4   9
20.00 20.50     I   0   1   4   4
20.50 21.00    IV   5   4   4   9
21.00 22.00  bVII  10   7   4   2
22.00 23.00     V   7   5   4  11
23.00 23.50     I   0   1   4   4
23.50 24.00    IV   5   4   4   9
24.00 24.50     I   0   1   4   4
24.50 25.00    IV   5   4   4   9
25.00 25.50     I   0   1   4   4
25.50 26.00    IV   5   4   4   9
26.00 26.50     I   0   1   4   4
26.50 27.00    IV   5   4   4   9
27.00 27.50     I   0   1   4   4
27.50 28.00    IV   5   4   4   9
28.00 28.50     I   0   1   4   4
28.50 29.00    IV   5   4   4   9
29.00 29.50     I   0   1   4   4
29.50 30.00    IV   5   4   4   9
30.00 30.50     I   0   1   4   4
30.50 31.00    IV   5   4   4   9
31.00 32.00     V   7   5   4  11
32.00 33.00    IV   5   4   4   9
33.00 34.00     V   7   5   4  11
34.00 35.00    IV   5   4   4   9
35.00 35.50     I   0   1   4   4
35.50 36.00    IV   5   4   4   9
36.00 36.50     I   0   1   4   4
36.50 37.00    IV   5   4   4   9
37.00 37.50     I   0   1   4   4
37.50 38.00    IV   5   4   4   9
38.00 39.00  bVII  10   7   4   2
39.00 40.00     V   7   5   4  11
40.00 40.50     I   0   1   4   4
40.50 41.00    IV   5   4   4   9
41.00 41.50     I   0   1   4   4
41.50 42.00    IV   5   4   4   9
42.00 42.50     I   0   1   4   4
42.50 43.00  bVII  10   7   4   2
43.00 44.00     V   7   5   4  11
44.00 44.50     I   0   1   4   4
44.50 45.00    IV   5   4   4   9
45.00 45.50     I   0   1   4   4
45.50 46.00    IV   5   4   4   9
46.00 46.50     I   0   1   4   4
46.50 47.00    IV   5   4   4   9
47.00 48.00     V   7   5   4  11
48.00 48.50     I   0   1   4   4
48.50 49.00    IV   5   4   4   9
49.00 49.50     I   0   1   4   4
49.50 50.00    IV   5   4   4   9
50.00 50.50     I   0   1   4   4
50.50 51.00    IV   5   4   4   9
51.00 51.50     I   0   1   4   4
51.50 52.00    IV   5   4   4   9
52.00 52.50     I   0   1   4   4
52.50 53.00    IV   5   4   4   9
53.00 53.50     I   0   1   4   4
53.50 54.00    IV   5   4   4   9
54.00 54.50     I   0   1   4   4
54.50 55.00    IV   5   4   4   9
55.00 55.50     I   0   1   4   4
55.50 56.00    IV   5   4   4   9
56.00 56.50     I   0   1   4   4
56.50 57.00    IV   5   4   4   9
57.00 57.50     I   0   1   4   4
57.50 58.00    IV   5   4   4   9
58.00 58.50     I   0   1   4   4
58.50 59.00    IV   5   4   4   9
59.00 59.50     I   0   1   4   4
59.50 60.00    IV   5   4   4   9
60.00 60.50     I   0   1   4   4
60.50 61.00    IV   5   4   4   9
61.00 61.50     I   0   1   4   4
61.50 62.00    IV   5   4   4   9
62.00 62.50     I   0   1   4   4
62.50 63.00    IV   5   4   4   9
63.00 63.50     I   0   1   4   4
63.50 64.00    IV   5   4   4   9
64.00 64.50     I   0   1   4   4
64.50 65.00    IV   5   4   4   9
65.00 65.50     I   0   1   4   4
65.50 66.00    IV   5   4   4   9
66.00 66.50     I   0   1   4   4
66.50 67.00    IV   5   4   4   9
67.00 67.50     I   0   1   4   4
67.50 68.00    IV   5   4   4   9
68.00 68.50     I   0   1   4   4
68.50 69.00    IV   5   4   4   9
69.00 69.50     I   0   1   4   4
69.50 70.00    IV   5   4   4   9
70.00 70.50     I   0   1   4   4
70.50 71.00    IV   5   4   4   9
---
