 0.00  1.00     i   0   1   3   3
 1.00  4.00     V   7   5   3  10
 4.00  6.00 bVIId7  10   7   3   1
 6.00  7.00     i   0   1   3   3
 7.00  8.00     v   7   5   3  10
 8.00  9.00     i   0   1   3   3
 9.00 10.00     v   7   5   3  10
10.00 12.00   iv7   5   4   3   8
12.00 14.00     V   7   5   3  10
14.00 15.00     i   0   1   3   3
15.00 16.00     v   7   5   3  10
16.00 17.00     i   0   1   3   3
17.00 18.00     v   7   5   3  10
18.00 19.00     i   0   1   3   3
19.00 20.00     v   7   5   3  10
20.00 21.00     i   0   1   3   3
21.00 22.00     v   7   5   3  10
22.00 23.00     i   0   1   3   3
23.00 24.00     v   7   5   3  10
24.00 25.00     i   0   1   3   3
25.00 26.00     v   7   5   3  10
26.00 27.00     i   0   1   3   3
27.00 28.00     v   7   5   3  10
28.00 29.00     i   0   1   3   3
29.00 30.00     v   7   5   3  10
30.00 31.00     i   0   1   3   3
31.00 32.00     v   7   5   3  10
32.00 33.00     i   0   1   3   3
33.00 34.00     v   7   5   3  10
34.00 36.00   iv7   5   4   3   8
36.00 38.00     V   7   5   3  10
38.00 39.00     i   0   1   3   3
39.00 40.00     v   7   5   3  10
40.00 41.00     i   0   1   3   3
41.00 42.00     v   7   5   3  10
42.00 43.00     i   0   1   3   3
43.00 44.00     v   7   5   3  10
44.00 45.00     i   0   1   3   3
45.00 46.00     v   7   5   3  10
46.00 47.00     i   0   1   3   3
47.00 48.00     v   7   5   3  10
48.00 49.00     i   0   1   3   3
49.00 50.00     v   7   5   3  10
50.00 51.00     i   0   1   3   3
51.00 52.00     v   7   5   3  10
52.00 53.00     i   0   1   3   3
53.00 54.00     v   7   5   3  10
54.00 55.00     i   0   1   3   3
55.00 56.00     v   7   5   3  10
56.00 57.00     i   0   1   3   3
57.00 58.00     v   7   5   3  10
58.00 60.00   iv7   5   4   3   8
60.00 62.00     V   7   5   3  10
62.00 63.00     i   0   1   3   3
63.00 64.00     v   7   5   3  10
64.00 65.00     i   0   1   3   3
65.00 66.00     v   7   5   3  10
66.00 67.00     i   0   1   3   3
67.00 68.00     v   7   5   3  10
68.00 69.00     i   0   1   3   3
69.00 70.00     v   7   5   3  10
70.00 71.00     i   0   1   3   3
71.00 72.00     v   7   5   3  10
72.00 73.00     i   0   1   3   3
73.00 74.00     v   7   5   3  10
---
