 0.00  2.00     I   0   1   9   9
 2.00  4.00     V   7   5   9   4
 4.00  6.00     I   0   1   9   9
 6.00  8.00     V   7   5   9   4
 8.00 10.00     I   0   1   9   9
10.00 12.00  V/vi   4   3   9   1
12.00 14.00    IV   5   4   9   2
14.00 16.00   bVI   8   6   9   5
16.00 18.00     I   0   1   9   9
18.00 20.00     V   7   5   9   4
20.00 22.00     I   0   1   9   9
22.00 24.00     V   7   5   9   4
24.00 26.00     I   0   1   9   9
26.00 28.00     V   7   5   9   4
28.00 30.00     I   0   1   9   9
30.00 32.00     V   7   5   9   4
32.00 34.00     I   0   1   9   9
34.00 36.00  V/vi   4   3   9   1
36.00 38.00    IV   5   4   9   2
38.00 40.00   bVI   8   6   9   5
40.00 42.00     I   0   1   9   9
42.00 44.00     V   7   5   9   4
44.00 46.00     I   0   1   9   9
46.00 48.00     V   7   5  10   5
48.00 50.00     I   0   1  10  10
50.00 52.00     V   7   5  10   5
52.00 54.00     I   0   1  10  10
54.00 56.00   bVI   8   6  10   6
56.00 58.00     I   0   1  10  10
58.00 60.00   bVI   8   6  10   6
60.00 62.00     I   0   1  10  10
62.00 64.00   bVI   8   6  10   6
64.00 66.00     I   0   1  10  10
66.00 68.00   bVI   8   6  10   6
---
