 0.00 12.00     I   0   1   3   3
12.00 14.00    IV   5   4   3   8
14.00 16.00     I   0   1   3   3
16.00 17.00     V   7   5   3  10
17.00 18.00    IV   5   4   3   8
18.00 28.00     I   0   1   3   3
28.00 30.00    IV   5   4   3   8
30.00 32.00     I   0   1   3   3
32.00 33.00     V   7   5   3  10
33.00 34.00    IV   5   4   3   8
34.00 44.00     I   0   1   3   3
44.00 46.00    IV   5   4   3   8
46.00 48.00     I   0   1   3   3
48.00 49.00     V   7   5   3  10
49.00 50.00    IV   5   4   3   8
50.00 52.00     I   0   1   3   3
52.00 54.00    IV   5   4   3   8
54.00 56.00     I   0   1   3   3
56.00 57.00     V   7   5   3  10
57.00 58.00    IV   5   4   3   8
58.00 68.00     I   0   1   3   3
68.00 70.00    IV   5   4   3   8
70.00 72.00     I   0   1   3   3
72.00 73.00     V   7   5   3  10
73.00 74.00    IV   5   4   3   8
74.00 84.00     I   0   1   3   3
84.00 86.00    IV   5   4   3   8
86.00 88.00     I   0   1   3   3
88.00 89.00     V   7   5   3  10
89.00 90.00    IV   5   4   3   8
90.00 102.00     I   0   1   3   3
---
