 0.00  4.00     I   0   1  10  10
 4.00  6.00    IV   5   4  10   3
 6.00  8.00     I   0   1  10  10
 8.00 10.00     V   7   5  10   5
10.00 16.00     I   0   1  10  10
16.00 18.00    IV   5   4  10   3
18.00 20.00     I   0   1  10  10
20.00 22.00     V   7   5  10   5
22.00 28.00     I   0   1  10  10
28.00 30.00    IV   5   4  10   3
30.00 32.00     I   0   1  10  10
32.00 34.00     V   7   5  10   5
34.00 40.00     I   0   1  10  10
40.00 42.00    IV   5   4  10   3
42.00 44.00     I   0   1  10  10
44.00 46.00     V   7   5  10   5
46.00 52.00     I   0   1  10  10
52.00 54.00    IV   5   4  10   3
54.00 56.00     I   0   1  10  10
56.00 58.00     V   7   5  10   5
58.00 64.00     I   0   1  10  10
64.00 66.00    IV   5   4  10   3
66.00 68.00     I   0   1  10  10
68.00 70.00     V   7   5  10   5
70.00 76.00     I   0   1  10  10
76.00 78.00    IV   5   4  10   3
78.00 80.00     I   0   1  10  10
80.00 82.00     V   7   5  10   5
82.00 88.00     I   0   1  10  10
88.00 90.00    IV   5   4  10   3
90.00 92.00     I   0   1  10  10
92.00 94.00     V   7   5  10   5
94.00 100.00     I   0   1  10  10
100.00 102.00    IV   5   4  10   3
102.00 104.00     I   0   1  10  10
104.00 106.00     V   7   5  10   5
106.00 108.00     I   0   1  10  10
---
