 0.00  1.00     I   0   1  10  10
 1.00  1.50    IV   5   4  10   3
 1.50  2.00  bVII  10   7  10   8
 2.00  3.00     I   0   1  10  10
 3.00  3.50    IV   5   4  10   3
 3.50  4.00  bVII  10   7  10   8
 4.00  5.00     I   0   1  10  10
 5.00  5.50    IV   5   4  10   3
 5.50  6.00  bVII  10   7  10   8
 6.00 10.00     I   0   1  10  10
10.00 11.00  bVII  10   7  10   8
11.00 12.00     I   0   1  10  10
12.00 13.00  bVII  10   7  10   8
13.00 14.00     I   0   1  10  10
14.00 15.00  bVII  10   7  10   8
15.00 16.00     I   0   1  10  10
16.00 17.00  bVII  10   7  10   8
17.00 18.00     I   0   1  10  10
18.00 19.00  bVII  10   7  10   8
19.00 20.00     I   0   1  10  10
20.00 21.00  bVII  10   7  10   8
21.00 22.00  bIII   3   3  10   1
22.00 23.00  bVII  10   7  10   8
23.00 24.00    IV   5   4  10   3
24.00 25.00     I   0   1  10  10
25.00 26.00  bIII   3   3  10   1
26.00 27.00  bVII  10   7  10   8
27.00 28.00    IV   5   4  10   3
28.00 32.00     I   0   1  10  10
32.00 33.00  bVII  10   7  10   8
33.00 34.00     I   0   1  10  10
34.00 35.00  bVII  10   7  10   8
35.00 36.00     I   0   1  10  10
36.00 37.00  bVII  10   7  10   8
37.00 38.00     I   0   1  10  10
38.00 39.00  bVII  10   7  10   8
39.00 40.00     I   0   1  10  10
40.00 41.00  bVII  10   7  10   8
41.00 42.00     I   0   1  10  10
42.00 43.00  bVII  10   7  10   8
43.00 44.00  bIII   3   3  10   1
44.00 45.00  bVII  10   7  10   8
45.00 46.00    IV   5   4  10   3
46.00 47.00     I   0   1  10  10
47.00 48.00  bIII   3   3  10   1
48.00 49.00  bVII  10   7  10   8
49.00 50.00    IV   5   4  10   3
50.00 54.00     I   0   1  10  10
54.00 54.50    IV   5   4  10   3
54.50 55.00  bVII  10   7  10   8
55.00 56.00     I   0   1  10  10
56.00 56.50    IV   5   4  10   3
56.50 57.00  bVII  10   7  10   8
57.00 58.00     I   0   1  10  10
58.00 58.50    IV   5   4  10   3
58.50 59.00  bVII  10   7  10   8
59.00 60.00     I   0   1  10  10
60.00 60.50    IV   5   4  10   3
60.50 61.00  bVII  10   7  10   8
61.00 65.00     I   0   1  10  10
65.00 66.00  bVII  10   7  10   8
66.00 67.00     I   0   1  10  10
67.00 68.00  bVII  10   7  10   8
68.00 69.00     I   0   1  10  10
69.00 70.00  bVII  10   7  10   8
70.00 71.00     I   0   1  10  10
71.00 72.00  bVII  10   7  10   8
72.00 73.00     I   0   1  10  10
73.00 74.00  bVII  10   7  10   8
74.00 75.00     I   0   1  10  10
75.00 76.00  bVII  10   7  10   8
76.00 77.00     I   0   1  10  10
77.00 78.00  bVII  10   7  10   8
78.00 79.00     I   0   1  10  10
79.00 80.00  bVII  10   7  10   8
80.00 81.00     I   0   1  10  10
81.00 82.00  bVII  10   7  10   8
82.00 83.00     I   0   1  10  10
83.00 84.00  bVII  10   7  10   8
84.00 85.00  bIII   3   3  10   1
85.00 86.00  bVII  10   7  10   8
86.00 87.00    IV   5   4  10   3
87.00 88.00     I   0   1  10  10
88.00 89.00  bIII   3   3  10   1
89.00 90.00  bVII  10   7  10   8
90.00 91.00    IV   5   4  10   3
91.00 95.00     I   0   1  10  10
95.00 96.00    IV   5   4  10   3
96.00 97.00     I   0   1  10  10
97.00 98.00    IV   5   4  10   3
98.00 99.00     I   0   1  10  10
99.00 100.00    IV   5   4  10   3
100.00 101.00     I   0   1  10  10
101.00 102.00    IV   5   4  10   3
102.00 103.00     I   0   1  10  10
103.00 104.00    IV   5   4  10   3
104.00 105.00     I   0   1  10  10
105.00 106.00    IV   5   4  10   3
106.00 107.00     I   0   1  10  10
107.00 108.00    IV   5   4  10   3
108.00 109.00     I   0   1  10  10
109.00 110.00    IV   5   4  10   3
110.00 111.00     I   0   1  10  10
111.00 112.00    IV   5   4  10   3
112.00 113.00     I   0   1  10  10
113.00 114.00    IV   5   4  10   3
114.00 115.00     I   0   1  10  10
115.00 116.00    IV   5   4  10   3
116.00 117.00     I   0   1  10  10
117.00 118.00    IV   5   4  10   3
118.00 119.00     I   0   1  10  10
119.00 120.00    IV   5   4  10   3
120.00 121.00     I   0   1  10  10
121.00 122.00    IV   5   4  10   3
122.00 123.00     I   0   1  10  10
123.00 124.00    IV   5   4  10   3
---
