 0.00 18.00     I   0   1   2   2
18.00 18.19    IV   5   4   2   7
18.19 18.38     I   0   1   2   2
18.38 18.56  bIII   3   3   2   5
18.56 18.75  bVII  10   7   2   0
18.75 18.88     I   0   1   2   2
18.88 19.00     V   7   5   2   9
19.00 19.19  bVII  10   7   2   0
19.19 19.38    IV   5   4   2   7
19.38 19.56   bVI   8   6   2  10
19.56 19.75  bIII   3   3   2   5
19.75 20.00     i   0   1   2   2
20.00 20.19    IV   5   4   2   7
20.19 20.38     I   0   1   2   2
20.38 20.56  bIII   3   3   2   5
20.56 20.75  bVII  10   7   2   0
20.75 20.88     I   0   1   2   2
20.88 21.00     V   7   5   2   9
21.00 21.19  bVII  10   7   2   0
21.19 21.38    IV   5   4   2   7
21.38 21.56   bVI   8   6   2  10
21.56 21.75  bIII   3   3   2   5
21.75 36.00     i   0   1   2   2
36.00 36.19    IV   5   4   2   7
36.19 36.38     I   0   1   2   2
36.38 36.56  bIII   3   3   2   5
36.56 36.75  bVII  10   7   2   0
36.75 36.88     I   0   1   2   2
36.88 37.00     V   7   5   2   9
37.00 37.19  bVII  10   7   2   0
37.19 37.38    IV   5   4   2   7
37.38 37.56   bVI   8   6   2  10
37.56 37.75  bIII   3   3   2   5
37.75 38.00     i   0   1   2   2
38.00 38.19    IV   5   4   2   7
38.19 38.38     I   0   1   2   2
38.38 38.56  bIII   3   3   2   5
38.56 38.75  bVII  10   7   2   0
38.75 38.88     I   0   1   2   2
38.88 39.00     V   7   5   2   9
39.00 39.19  bVII  10   7   2   0
39.19 39.38    IV   5   4   2   7
39.38 39.56   bVI   8   6   2  10
39.56 39.75  bIII   3   3   2   5
39.75 42.00     i   0   1   2   2
42.00 42.19    IV   5   4   2   7
42.19 42.38     I   0   1   2   2
42.38 42.56  bIII   3   3   2   5
42.56 42.75  bVII  10   7   2   0
42.75 42.88     I   0   1   2   2
42.88 43.00     V   7   5   2   9
43.00 43.17  bVII  10   7   2   0
43.17 43.33    IV   5   4   2   7
43.33 43.50   bVI   8   6   2  10
43.50 43.67  bIII   3   3   2   5
43.67 44.00     i   0   1   2   2
44.00 64.00     V   7   5   2   9
64.00 64.19    IV   5   4   2   7
64.19 64.38     I   0   1   2   2
64.38 64.56  bIII   3   3   2   5
64.56 64.75  bVII  10   7   2   0
64.75 64.88     I   0   1   2   2
64.88 65.00     V   7   5   2   9
65.00 65.19  bVII  10   7   2   0
65.19 65.38    IV   5   4   2   7
65.38 65.56   bVI   8   6   2  10
65.56 65.75  bIII   3   3   2   5
65.75 66.00     i   0   1   2   2
66.00 66.19    IV   5   4   2   7
66.19 66.38     I   0   1   2   2
66.38 66.56  bIII   3   3   2   5
66.56 66.75  bVII  10   7   2   0
66.75 66.88     I   0   1   2   2
66.88 67.00     V   7   5   2   9
67.00 67.19  bVII  10   7   2   0
67.19 67.38    IV   5   4   2   7
67.38 67.56   bVI   8   6   2  10
67.56 67.75  bIII   3   3   2   5
67.75 68.00     i   0   1   2   2
68.00 70.00    iv   5   4   2   7
70.00 72.00     V   7   5   2   9
72.00 74.00    iv   5   4   2   7
74.00 76.00     V   7   5   2   9
76.00 78.00    iv   5   4   2   7
78.00 80.00     V   7   5   2   9
80.00 82.00    iv   5   4   2   7
82.00 84.00     V   7   5   2   9
84.00 86.00    iv   5   4   2   7
86.00 88.00     V   7   5   2   9
88.00 106.00     I   0   1   2   2
106.00 106.19    IV   5   4   2   7
106.19 106.38     I   0   1   2   2
106.38 106.56  bIII   3   3   2   5
106.56 106.75  bVII  10   7   2   0
106.75 106.88     I   0   1   2   2
106.88 107.00     V   7   5   2   9
107.00 107.19  bVII  10   7   2   0
107.19 107.38    IV   5   4   2   7
107.38 107.56   bVI   8   6   2  10
107.56 107.75  bIII   3   3   2   5
107.75 108.00     i   0   1   2   2
108.00 108.19    IV   5   4   2   7
108.19 108.38     I   0   1   2   2
108.38 108.56  bIII   3   3   2   5
108.56 108.75  bVII  10   7   2   0
108.75 108.88     I   0   1   2   2
108.88 109.00     V   7   5   2   9
109.00 109.19  bVII  10   7   2   0
109.19 109.38    IV   5   4   2   7
109.38 109.56   bVI   8   6   2  10
109.56 109.75  bIII   3   3   2   5
109.75 124.00     i   0   1   2   2
124.00 124.19    IV   5   4   2   7
124.19 124.38     I   0   1   2   2
124.38 124.56  bIII   3   3   2   5
124.56 124.75  bVII  10   7   2   0
124.75 124.88     I   0   1   2   2
124.88 125.00     V   7   5   2   9
125.00 125.19  bVII  10   7   2   0
125.19 125.38    IV   5   4   2   7
125.38 125.56   bVI   8   6   2  10
125.56 125.75  bIII   3   3   2   5
125.75 126.00     i   0   1   2   2
126.00 126.19    IV   5   4   2   7
126.19 126.38     I   0   1   2   2
126.38 126.56  bIII   3   3   2   5
126.56 126.75  bVII  10   7   2   0
126.75 126.88     I   0   1   2   2
126.88 127.00     V   7   5   2   9
127.00 127.19  bVII  10   7   2   0
127.19 127.38    IV   5   4   2   7
127.38 127.56   bVI   8   6   2  10
127.56 127.75  bIII   3   3   2   5
127.75 130.00     i   0   1   2   2
130.00 130.19    IV   5   4   2   7
130.19 130.38     I   0   1   2   2
130.38 130.56  bIII   3   3   2   5
130.56 130.75  bVII  10   7   2   0
130.75 130.88     I   0   1   2   2
130.88 131.00     V   7   5   2   9
131.00 131.19  bVII  10   7   2   0
131.19 131.38    IV   5   4   2   7
131.38 131.56   bVI   8   6   2  10
131.56 131.75  bIII   3   3   2   5
131.75 132.00     i   0   1   2   2
132.00 132.19    IV   5   4   2   7
132.19 132.38     I   0   1   2   2
132.38 132.56  bIII   3   3   2   5
132.56 132.75  bVII  10   7   2   0
132.75 132.88     I   0   1   2   2
132.88 133.00     V   7   5   2   9
133.00 133.19  bVII  10   7   2   0
133.19 133.38    IV   5   4   2   7
133.38 133.56   bVI   8   6   2  10
133.56 133.75  bIII   3   3   2   5
133.75 134.00     i   0   1   2   2
134.00 136.00    iv   5   4   2   7
136.00 138.00     V   7   5   2   9
138.00 140.00    iv   5   4   2   7
140.00 142.00     V   7   5   2   9
142.00 144.00    iv   5   4   2   7
144.00 146.00     V   7   5   2   9
146.00 148.00    iv   5   4   2   7
148.00 150.00     V   7   5   2   9
150.00 152.00    iv   5   4   2   7
152.00 154.00     V   7   5   2   9
154.00 156.00    iv   5   4   2   7
156.00 158.00     V   7   5   2   9
158.00 160.00    iv   5   4   2   7
160.00 162.00     V   7   5   2   9
162.00 164.00    iv   5   4   2   7
164.00 166.00     V   7   5   2   9
166.00 168.00    iv   5   4   2   7
168.00 170.00     V   7   5   2   9
---
