 0.00  0.50     i   0   1   2   2
 0.50  1.00   bVI   8   6   2  10
 1.00  1.50  bVII  10   7   2   0
 1.50  2.50     i   0   1   2   2
 2.50  3.00   bVI   8   6   2  10
 3.00  3.50  bVII  10   7   2   0
 3.50  4.50     i   0   1   2   2
 4.50  5.00   bVI   8   6   2  10
 5.00  5.50  bVII  10   7   2   0
 5.50  6.50     i   0   1   2   2
 6.50  7.00   bVI   8   6   2  10
 7.00  7.50  bVII  10   7   2   0
 7.50  8.50     i   0   1   2   2
 8.50  9.00   bVI   8   6   2  10
 9.00  9.50  bVII  10   7   2   0
 9.50 10.50     i   0   1   2   2
10.50 11.00   bVI   8   6   2  10
11.00 12.00  bVII  10   7   2   0
12.00 13.00    vi   9   6   4   1
13.00 14.00   iii   4   3   4   8
14.00 14.50    vi   9   6   4   1
14.50 14.75   bVI   8   6   4   0
14.75 15.00  bVII  10   7   4   2
15.00 16.00     I   0   1   4   4
16.00 16.50    ii   2   2   4   6
16.50 17.00     V   7   5   4  11
17.00 17.50     I   0   1   4   4
17.50 18.00    IV   5   4   4   9
18.00 18.50    ii   2   2   4   6
18.50 19.00     V   7   5   4  11
19.00 19.50     I   0   1   4   4
19.50 20.00     V   7   5   4  11
20.00 20.50     i   0   1   2   2
20.50 21.00   bVI   8   6   2  10
21.00 21.50  bVII  10   7   2   0
21.50 22.50     i   0   1   2   2
22.50 23.00   bVI   8   6   2  10
23.00 23.50  bVII  10   7   2   0
23.50 24.50     i   0   1   2   2
24.50 25.00   bVI   8   6   2  10
25.00 25.50  bVII  10   7   2   0
25.50 26.50     i   0   1   2   2
26.50 27.00   bVI   8   6   2  10
27.00 28.00  bVII  10   7   2   0
28.00 29.00    vi   9   6   4   1
29.00 30.00   iii   4   3   4   8
30.00 30.50    vi   9   6   4   1
30.50 30.75   bVI   8   6   4   0
30.75 31.00  bVII  10   7   4   2
31.00 32.00     I   0   1   4   4
32.00 32.50    ii   2   2   4   6
32.50 33.00     V   7   5   4  11
33.00 33.50     I   0   1   4   4
33.50 34.00    IV   5   4   4   9
34.00 34.50    ii   2   2   4   6
34.50 35.00     V   7   5   4  11
35.00 35.50     I   0   1   4   4
35.50 36.00     V   7   5   4  11
36.00 36.50     i   0   1   2   2
36.50 37.00   bVI   8   6   2  10
37.00 37.50  bVII  10   7   2   0
37.50 38.50     i   0   1   2   2
38.50 39.00   bVI   8   6   2  10
39.00 39.50  bVII  10   7   2   0
39.50 40.50     i   0   1   2   2
40.50 41.00   bVI   8   6   2  10
41.00 41.50  bVII  10   7   2   0
41.50 42.50     i   0   1   2   2
42.50 43.00   bVI   8   6   2  10
43.00 44.00  bVII  10   7   2   0
44.00 45.00    vi   9   6   4   1
45.00 46.00   iii   4   3   4   8
46.00 46.50    vi   9   6   4   1
46.50 46.75   bVI   8   6   4   0
46.75 47.00  bVII  10   7   4   2
47.00 48.00     I   0   1   4   4
48.00 48.50    ii   2   2   4   6
48.50 49.00     V   7   5   4  11
49.00 49.50     I   0   1   4   4
49.50 50.00    IV   5   4   4   9
50.00 50.50    ii   2   2   4   6
50.50 51.00     V   7   5   4  11
51.00 51.50     I   0   1   4   4
51.50 52.00     V   7   5   4  11
52.00 52.50     i   0   1   2   2
52.50 53.00   bVI   8   6   2  10
53.00 53.50  bVII  10   7   2   0
53.50 54.50     i   0   1   2   2
54.50 55.00   bVI   8   6   2  10
55.00 55.50  bVII  10   7   2   0
55.50 56.50     i   0   1   2   2
56.50 57.00   bVI   8   6   2  10
57.00 57.50  bVII  10   7   2   0
57.50 58.50     i   0   1   2   2
58.50 59.00   bVI   8   6   2  10
59.00 59.50  bVII  10   7   2   0
59.50 60.50     i   0   1   2   2
60.50 61.00   bVI   8   6   2  10
61.00 61.50  bVII  10   7   2   0
61.50 62.50     i   0   1   2   2
62.50 63.00   bVI   8   6   2  10
63.00 63.50  bVII  10   7   2   0
63.50 64.50     i   0   1   2   2
64.50 65.00   bVI   8   6   2  10
65.00 65.50  bVII  10   7   2   0
65.50 66.50     i   0   1   2   2
66.50 67.00   bVI   8   6   2  10
67.00 67.50  bVII  10   7   2   0
67.50 68.50     i   0   1   2   2
68.50 69.00   bVI   8   6   2  10
69.00 69.50  bVII  10   7   2   0
69.50 70.50     i   0   1   2   2
70.50 71.00   bVI   8   6   2  10
71.00 71.50  bVII  10   7   2   0
71.50 72.50     i   0   1   2   2
72.50 73.00   bVI   8   6   2  10
73.00 73.50  bVII  10   7   2   0
73.50 74.50     i   0   1   2   2
74.50 75.00   bVI   8   6   2  10
75.00 75.50  bVII  10   7   2   0
75.50 76.50     i   0   1   2   2
76.50 77.00   bVI   8   6   2  10
77.00 77.50  bVII  10   7   2   0
77.50 78.50     i   0   1   2   2
78.50 79.00   bVI   8   6   2  10
79.00 79.50  bVII  10   7   2   0
79.50 80.50     i   0   1   2   2
80.50 81.00   bVI   8   6   2  10
81.00 81.50  bVII  10   7   2   0
81.50 82.50     i   0   1   2   2
82.50 83.00   bVI   8   6   2  10
83.00 83.50  bVII  10   7   2   0
83.50 84.50     i   0   1   2   2
84.50 85.00   bVI   8   6   2  10
85.00 85.50  bVII  10   7   2   0
85.50 86.50     i   0   1   2   2
86.50 87.00   bVI   8   6   2  10
87.00 87.50  bVII  10   7   2   0
87.50 88.50     i   0   1   2   2
88.50 89.00   bVI   8   6   2  10
89.00 89.50  bVII  10   7   2   0
89.50 90.50     i   0   1   2   2
90.50 91.00   bVI   8   6   2  10
91.00 93.00  bVII  10   7   2   0
93.00 95.00     I   0   1   0   0
95.00 97.00    IV   5   4   0   5
97.00 99.00     I   0   1   0   0
99.00 101.00    IV   5   4   0   5
101.00 103.00  bVII  10   7   0  10
103.00 107.00     I   0   1   0   0
107.00 109.00    IV   5   4   0   5
109.00 111.00  bVII  10   7   0  10
111.00 115.00     I   0   1   0   0
115.00 117.00    IV   5   4   0   5
117.00 119.00  bVII  10   7   0  10
119.00 121.00     I   0   1   0   0
121.00 122.00    vi   9   6   0   9
122.00 123.00    ii   2   2   0   2
123.00 124.00     V   7   5   0   7
124.00 125.00     I   0   1   0   0
125.00 126.00    vi   9   6   0   9
126.00 127.00    ii   2   2   0   2
127.00 129.00     V   7   5   0   7
129.00 131.00     I   0   1   0   0
131.00 133.00    IV   5   4   0   5
133.00 135.00     I   0   1   0   0
135.00 137.00    IV   5   4   0   5
137.00 139.00  bVII  10   7   0  10
139.00 143.00     I   0   1   0   0
143.00 145.00    IV   5   4   0   5
145.00 147.00  bVII  10   7   0  10
147.00 151.00     I   0   1   0   0
151.00 153.00    IV   5   4   0   5
153.00 155.00  bVII  10   7   0  10
155.00 157.00     I   0   1   0   0
157.00 158.00    vi   9   6   0   9
158.00 159.00    ii   2   2   0   2
159.00 160.00     V   7   5   0   7
160.00 161.00     I   0   1   0   0
161.00 162.00    vi   9   6   0   9
162.00 163.00    ii   2   2   0   2
163.00 165.00     V   7   5   0   7
165.00 167.00     I   0   1   0   0
167.00 169.00    IV   5   4   0   5
169.00 171.00     I   0   1   0   0
171.00 173.00    IV   5   4   0   5
173.00 175.00  bVII  10   7   0  10
175.00 179.00     I   0   1   0   0
179.00 181.00    IV   5   4   0   5
181.00 183.00     I   0   1   0   0
183.00 185.00    IV   5   4   0   5
185.00 187.00     I   0   1   0   0
187.00 189.00    IV   5   4   0   5
189.00 191.00     I   0   1   0   0
191.00 193.00    IV   5   4   0   5
193.00 195.00     I   0   1   0   0
195.00 197.00    IV   5   4   0   5
197.00 199.00  bVII  10   7   0  10
199.00 201.00     I   0   1   0   0
---
