 0.00  0.50     I   0   1   0   0
 0.50  1.00     V   7   5   0   7
 1.00  1.50    vi   9   6   0   9
 1.50  2.00  ii65   2   2   0   2
 2.00  2.50     I   0   1   0   0
 2.50  3.00     V   7   5   0   7
 3.00  3.50    IV   5   4   0   5
 3.50  4.50     I   0   1   0   0
 4.50  5.00     V   7   5   0   7
 5.00  5.50    vi   9   6   0   9
 5.50  6.00  ii65   2   2   0   2
 6.00  6.50     I   0   1   0   0
 6.50  7.00     V   7   5   0   7
 7.00  7.50    IV   5   4   0   5
 7.50  8.50     I   0   1   0   0
 8.50  9.00     V   7   5   0   7
 9.00  9.50    vi   9   6   0   9
 9.50 10.00  ii65   2   2   0   2
10.00 10.50     I   0   1   0   0
10.50 11.00     V   7   5   0   7
11.00 11.50    IV   5   4   0   5
11.50 12.00     I   0   1   0   0
12.00 12.50    vi   9   6   0   9
12.50 13.00   I64   0   1   0   0
13.00 13.50    IV   5   4   0   5
13.50 14.50     I   0   1   0   0
14.50 15.00     V   7   5   0   7
15.00 15.50    IV   5   4   0   5
15.50 16.50     I   0   1   0   0
16.50 17.00     V   7   5   0   7
17.00 17.50    vi   9   6   0   9
17.50 18.00  ii65   2   2   0   2
18.00 18.50     I   0   1   0   0
18.50 19.00     V   7   5   0   7
19.00 19.50    IV   5   4   0   5
19.50 20.50     I   0   1   0   0
20.50 21.00     V   7   5   0   7
21.00 21.50    vi   9   6   0   9
21.50 22.00  ii65   2   2   0   2
22.00 22.50     I   0   1   0   0
22.50 23.00     V   7   5   0   7
23.00 23.50    IV   5   4   0   5
23.50 24.00     I   0   1   0   0
24.00 24.50    vi   9   6   0   9
24.50 25.00   I64   0   1   0   0
25.00 25.50    IV   5   4   0   5
25.50 26.50     I   0   1   0   0
26.50 27.00     V   7   5   0   7
27.00 27.50    IV   5   4   0   5
27.50 28.00     I   0   1   0   0
28.00 28.50    vi   9   6   0   9
28.50 29.00   I64   0   1   0   0
29.00 29.50    IV   5   4   0   5
29.50 30.50     I   0   1   0   0
30.50 31.00     V   7   5   0   7
31.00 31.50    IV   5   4   0   5
31.50 32.00     I   0   1   0   0
32.00 32.50    IV   5   4   0   5
32.50 33.00     I   0   1   0   0
33.00 33.25     V   7   5   0   7
33.25 33.50    IV   5   4   0   5
33.50 34.00     I   0   1   0   0
34.00 34.50    IV   5   4   0   5
34.50 35.00     I   0   1   0   0
35.00 35.25     V   7   5   0   7
35.25 35.50    IV   5   4   0   5
35.50 36.50     I   0   1   0   0
36.50 37.00     V   7   5   0   7
37.00 37.50    vi   9   6   0   9
37.50 38.00  ii65   2   2   0   2
38.00 38.50     I   0   1   0   0
38.50 39.00     V   7   5   0   7
39.00 39.50    IV   5   4   0   5
39.50 40.50     I   0   1   0   0
40.50 41.00     V   7   5   0   7
41.00 41.50    vi   9   6   0   9
41.50 42.00  ii65   2   2   0   2
42.00 42.50     I   0   1   0   0
42.50 43.00     V   7   5   0   7
43.00 43.50    IV   5   4   0   5
43.50 44.00     I   0   1   0   0
44.00 44.50    vi   9   6   0   9
44.50 45.00   I64   0   1   0   0
45.00 45.50    IV   5   4   0   5
45.50 46.50     I   0   1   0   0
46.50 47.00     V   7   5   0   7
47.00 47.50    IV   5   4   0   5
47.50 48.50     I   0   1   0   0
48.50 49.00     V   7   5   0   7
49.00 49.50    vi   9   6   0   9
49.50 50.00  ii65   2   2   0   2
50.00 50.50     I   0   1   0   0
50.50 51.00     V   7   5   0   7
51.00 51.50    IV   5   4   0   5
51.50 52.50     I   0   1   0   0
52.50 53.00     V   7   5   0   7
53.00 53.50    vi   9   6   0   9
53.50 54.00  ii65   2   2   0   2
54.00 54.50     I   0   1   0   0
54.50 55.00     V   7   5   0   7
55.00 55.50    IV   5   4   0   5
55.50 56.00     I   0   1   0   0
56.00 56.50    vi   9   6   0   9
56.50 57.00   I64   0   1   0   0
57.00 57.50    IV   5   4   0   5
57.50 58.50     I   0   1   0   0
58.50 59.00     V   7   5   0   7
59.00 59.50    IV   5   4   0   5
59.50 60.00     I   0   1   0   0
60.00 60.50    vi   9   6   0   9
60.50 61.00   I64   0   1   0   0
61.00 61.50    IV   5   4   0   5
61.50 62.50     I   0   1   0   0
62.50 63.00     V   7   5   0   7
63.00 63.50    IV   5   4   0   5
63.50 64.00     I   0   1   0   0
64.00 64.50    vi   9   6   0   9
64.50 65.00   I64   0   1   0   0
65.00 65.50    IV   5   4   0   5
65.50 66.50     I   0   1   0   0
66.50 67.00     V   7   5   0   7
67.00 67.50    IV   5   4   0   5
67.50 68.00     I   0   1   0   0
68.00 68.50    IV   5   4   0   5
68.50 69.00     I   0   1   0   0
69.00 69.25     V   7   5   0   7
69.25 69.50    IV   5   4   0   5
69.50 70.00     I   0   1   0   0
---
