 0.00  1.00     I   0   1   3   3
 1.00  1.50    IV   5   4   3   8
 1.50  2.00     V   7   5   3  10
 2.00  3.00     I   0   1   3   3
 3.00  3.50    IV   5   4   3   8
 3.50  4.00     V   7   5   3  10
 4.00  5.00     I   0   1   3   3
 5.00  5.50    IV   5   4   3   8
 5.50  6.00     V   7   5   3  10
 6.00  7.00     I   0   1   3   3
 7.00  7.50    IV   5   4   3   8
 7.50  8.00     V   7   5   3  10
 8.00  9.00     I   0   1   3   3
 9.00  9.50    IV   5   4   3   8
 9.50 10.00     V   7   5   3  10
10.00 11.00     I   0   1   3   3
11.00 11.50    IV   5   4   3   8
11.50 12.00     V   7   5   3  10
12.00 13.00     I   0   1   3   3
13.00 13.50    IV   5   4   3   8
13.50 14.00     V   7   5   3  10
14.00 15.00     I   0   1   3   3
15.00 15.50    IV   5   4   3   8
15.50 16.00     V   7   5   3  10
16.00 17.00     I   0   1   3   3
17.00 17.50    IV   5   4   3   8
17.50 18.00     V   7   5   3  10
18.00 19.00     I   0   1   3   3
19.00 19.50    IV   5   4   3   8
19.50 20.00     V   7   5   3  10
20.00 21.00     I   0   1   3   3
21.00 21.50    IV   5   4   3   8
21.50 22.00     V   7   5   3  10
22.00 23.00     I   0   1   3   3
23.00 23.50    IV   5   4   3   8
23.50 24.00     V   7   5   3  10
24.00 25.00     I   0   1   3   3
25.00 25.50    IV   5   4   3   8
25.50 26.00     V   7   5   3  10
26.00 27.00     I   0   1   3   3
27.00 27.50    IV   5   4   3   8
27.50 28.00     V   7   5   3  10
28.00 29.00     I   0   1   3   3
29.00 29.50    IV   5   4   3   8
29.50 30.00     V   7   5   3  10
30.00 31.00     I   0   1   3   3
31.00 31.50    IV   5   4   3   8
31.50 32.00     V   7   5   3  10
32.00 34.00    IV   5   4   3   8
34.00 35.00     I   0   1   3   3
35.00 35.50    IV   5   4   3   8
35.50 36.00     V   7   5   3  10
36.00 38.00    IV   5   4   3   8
38.00 39.00     I   0   1   3   3
39.00 39.50    IV   5   4   3   8
39.50 40.00     V   7   5   3  10
40.00 42.00    IV   5   4   3   8
42.00 43.00     I   0   1   3   3
43.00 43.50    IV   5   4   3   8
43.50 44.00     V   7   5   3  10
44.00 45.00    IV   5   4   3   8
45.00 46.00    ii   2   2   3   5
46.00 48.00     V   7   5   3  10
48.00 49.00     I   0   1   3   3
49.00 49.50    IV   5   4   3   8
49.50 50.00     V   7   5   3  10
50.00 51.00     I   0   1   3   3
51.00 51.50    IV   5   4   3   8
51.50 52.00     V   7   5   3  10
52.00 53.00     I   0   1   3   3
53.00 53.50    IV   5   4   3   8
53.50 54.00     V   7   5   3  10
54.00 55.00     I   0   1   3   3
55.00 55.50    IV   5   4   3   8
55.50 56.00     V   7   5   3  10
56.00 57.00     I   0   1   3   3
57.00 57.50    IV   5   4   3   8
57.50 58.00     V   7   5   3  10
58.00 59.00     I   0   1   3   3
59.00 59.50    IV   5   4   3   8
59.50 60.00     V   7   5   3  10
60.00 61.00     I   0   1   3   3
61.00 61.50    IV   5   4   3   8
61.50 62.00     V   7   5   3  10
62.00 63.00     I   0   1   3   3
63.00 63.50    IV   5   4   3   8
63.50 64.00     V   7   5   3  10
64.00 66.00    IV   5   4   3   8
66.00 67.00     I   0   1   3   3
67.00 67.50    IV   5   4   3   8
67.50 68.00     V   7   5   3  10
68.00 70.00    IV   5   4   3   8
70.00 71.00     I   0   1   3   3
71.00 71.50    IV   5   4   3   8
71.50 72.00     V   7   5   3  10
72.00 74.00    IV   5   4   3   8
74.00 75.00     I   0   1   3   3
75.00 75.50    IV   5   4   3   8
75.50 76.00     V   7   5   3  10
76.00 77.00    IV   5   4   3   8
77.00 78.00    ii   2   2   3   5
78.00 80.00     V   7   5   3  10
80.00 81.00     I   0   1   3   3
81.00 81.50    IV   5   4   3   8
81.50 82.00     V   7   5   3  10
82.00 83.00     I   0   1   3   3
83.00 83.50    IV   5   4   3   8
83.50 84.00     V   7   5   3  10
84.00 85.00     I   0   1   3   3
85.00 85.50    IV   5   4   3   8
85.50 86.00     V   7   5   3  10
86.00 87.00     I   0   1   3   3
87.00 87.50    IV   5   4   3   8
87.50 88.00     V   7   5   3  10
88.00 89.00     I   0   1   3   3
89.00 89.50    IV   5   4   3   8
89.50 90.00     V   7   5   3  10
90.00 91.00     I   0   1   3   3
91.00 91.50    IV   5   4   3   8
91.50 92.00     V   7   5   3  10
92.00 93.00     I   0   1   3   3
93.00 93.50    IV   5   4   3   8
93.50 94.00     V   7   5   3  10
94.00 95.00     I   0   1   3   3
95.00 95.50    IV   5   4   3   8
95.50 96.00     V   7   5   3  10
96.00 97.00     I   0   1   3   3
97.00 97.50    IV   5   4   3   8
97.50 98.00     V   7   5   3  10
98.00 99.00     I   0   1   3   3
99.00 99.50    IV   5   4   3   8
99.50 100.00     V   7   5   3  10
---
