 0.00  0.50   ii7   2   2   5   7
 0.50  1.00  iii7   4   3   5   9
 1.00  1.50   ii7   2   2   5   7
 1.50  2.00  iii7   4   3   5   9
 2.00  2.50   ii7   2   2   5   7
 2.50  3.00  iii7   4   3   5   9
 3.00  3.50   ii7   2   2   5   7
 3.50  4.00    V7   7   5   5   0
 4.00  6.00     I   0   1   5   5
 6.00  8.00   vi7   9   6   5   2
 8.00 12.00    IV   5   4   5  10
12.00 12.50  iii7   4   3   5   9
12.50 13.00    ii   2   2   5   7
13.00 13.50     I   0   1   5   5
13.50 14.00   vii  11   7   5   4
14.00 16.00   vi7   9   6   5   2
16.00 16.50   iii   4   3   5   9
16.50 17.00    ii   2   2   5   7
17.00 17.50     I   0   1   5   5
17.50 18.00  iii7   4   3   5   9
18.00 20.00   vi7   9   6   5   2
20.00 22.00     I   0   1   5   5
22.00 24.00   vi7   9   6   5   2
24.00 28.00    IV   5   4   5  10
28.00 28.50  iii7   4   3   5   9
28.50 29.00    ii   2   2   5   7
29.00 29.50     I   0   1   5   5
29.50 30.00   vii  11   7   5   4
30.00 32.00   vi7   9   6   5   2
32.00 32.50   iii   4   3   5   9
32.50 33.00    ii   2   2   5   7
33.00 33.50     I   0   1   5   5
33.50 34.00  iii7   4   3   5   9
34.00 36.00   vi7   9   6   5   2
36.00 38.00   ii7   2   2   5   7
38.00 40.00  iii7   4   3   5   9
40.00 42.00   ii7   2   2   5   7
42.00 42.50   IV7   5   4   5  10
42.50 43.00  iii7   4   3   5   9
43.00 43.50    ii   2   2   5   7
43.50 44.00     V   7   5   5   0
44.00 46.00   ii7   2   2   5   7
46.00 47.00 bIII7   3   3   5   8
47.00 48.00   ii7   2   2   5   7
48.00 50.00  bIII   3   3   5   8
50.00 50.50    IV   5   4   5  10
50.50 51.00  iii7   4   3   5   9
51.00 51.50    ii   2   2   5   7
51.50 52.00     V   7   5   5   0
52.00 54.00     I   0   1   5   5
54.00 56.00   vi7   9   6   5   2
56.00 60.00    IV   5   4   5  10
60.00 60.50  iii7   4   3   5   9
60.50 61.00    ii   2   2   5   7
61.00 61.50     I   0   1   5   5
61.50 62.00   vii  11   7   5   4
62.00 64.00   vi7   9   6   5   2
64.00 64.50   iii   4   3   5   9
64.50 65.00    ii   2   2   5   7
65.00 65.50     I   0   1   5   5
65.50 66.00  iii7   4   3   5   9
66.00 68.00   vi7   9   6   5   2
68.00 70.00   ii7   2   2   5   7
70.00 72.00  iii7   4   3   5   9
72.00 74.00   ii7   2   2   5   7
74.00 74.50   IV7   5   4   5  10
74.50 75.00  iii7   4   3   5   9
75.00 75.50    ii   2   2   5   7
75.50 76.00     V   7   5   5   0
---
