 0.00  0.50     I   0   1   7   7
 0.50  1.00     V   7   5   7   2
 1.00  1.50  bVII  10   7   7   5
 1.50  2.00  bIII   3   3   7  10
 2.00  2.50   bVI   8   6   7   3
 2.50  3.00   bII   1   2   7   8
 3.00  6.00     V   7   5   2   9
 6.00  7.00   iii   4   3   2   6
 7.00  8.00     v   7   5   2   9
 8.00  9.00   iii   4   3   2   6
 9.00 10.00     v   7   5   2   9
10.00 11.00   iii   4   3   2   6
11.00 12.00     v   7   5   2   9
12.00 13.00   iii   4   3   2   6
13.00 13.50    IV   5   4   2   7
13.50 14.00     V   7   5   2   9
14.00 15.00     I   0   1   2   2
15.00 15.50    IV   5   4   2   7
15.50 16.00     V   7   5   2   9
16.00 16.50     I   0   1   2   2
16.50 17.00    VI   9   6   2  11
17.00 17.50    IV   5   4   2   7
17.50 18.00     I   0   1   2   2
18.00 20.00    II   2   2   2   4
20.00 21.00     v   7   5   2   9
21.00 22.00   iii   4   3   2   6
22.00 23.00     v   7   5   2   9
23.00 24.00   iii   4   3   2   6
24.00 25.00     v   7   5   2   9
25.00 26.00   iii   4   3   2   6
26.00 27.00     v   7   5   2   9
27.00 28.00   iii   4   3   2   6
28.00 28.50    IV   5   4   2   7
28.50 29.00     V   7   5   2   9
29.00 30.00     I   0   1   2   2
30.00 30.50    IV   5   4   2   7
30.50 31.00     V   7   5   2   9
31.00 31.50     I   0   1   2   2
31.50 32.00    VI   9   6   2  11
32.00 32.50    IV   5   4   2   7
32.50 33.00     I   0   1   2   2
33.00 35.00    II   2   2   2   4
35.00 35.50     i   0   1   9   9
35.50 36.00    ii   2   2   9  11
36.00 36.50     i   0   1   9   9
36.50 37.00    ii   2   2   9  11
37.00 37.50     i   0   1   9   9
37.50 38.00    ii   2   2   9  11
38.00 38.50     i   0   1   9   9
38.50 39.00    ii   2   2   9  11
39.00 39.50     i   0   1   9   9
39.50 40.00    ii   2   2   9  11
40.00 40.50     i   0   1   9   9
40.50 41.00    ii   2   2   9  11
41.00 41.50     i   0   1   9   9
41.50 42.00    ii   2   2   9  11
42.00 42.50     i   0   1   9   9
42.50 43.00    ii   2   2   9  11
43.00 43.50     i   0   1   9   9
43.50 44.00    ii   2   2   9  11
44.00 44.50     i   0   1   9   9
44.50 45.00    ii   2   2   9  11
45.00 45.50     i   0   1   9   9
45.50 46.00    ii   2   2   9  11
46.00 46.50     i   0   1   9   9
46.50 47.00    ii   2   2   9  11
47.00 47.50     i   0   1   9   9
47.50 48.00    ii   2   2   9  11
48.00 48.50     i   0   1   9   9
48.50 49.00    ii   2   2   9  11
49.00 49.50     i   0   1   9   9
49.50 50.00    ii   2   2   9  11
50.00 50.50     i   0   1   9   9
50.50 51.00    ii   2   2   9  11
51.00 51.50     i   0   1   9   9
51.50 52.00    ii   2   2   9  11
52.00 52.50     i   0   1   9   9
52.50 53.00    ii   2   2   9  11
53.00 53.50     i   0   1   9   9
53.50 54.00    ii   2   2   9  11
54.00 54.50     i   0   1   9   9
54.50 55.00    ii   2   2   9  11
55.00 55.50     i   0   1   9   9
55.50 56.00    ii   2   2   9  11
56.00 56.50     i   0   1   9   9
56.50 57.00    ii   2   2   9  11
57.00 57.50     i   0   1   9   9
57.50 58.00    ii   2   2   9  11
58.00 58.50     i   0   1   9   9
58.50 59.00    ii   2   2   9  11
59.00 59.50     i   0   1   9   9
59.50 60.00    ii   2   2   9  11
60.00 60.50     i   0   1   9   9
60.50 61.00    ii   2   2   9  11
61.00 61.50     i   0   1   9   9
61.50 62.00    ii   2   2   9  11
62.00 62.50     i   0   1   9   9
62.50 63.00    ii   2   2   9  11
63.00 63.50     i   0   1   9   9
63.50 64.00    ii   2   2   9  11
64.00 64.50     i   0   1   9   9
64.50 65.00    ii   2   2   9  11
65.00 65.50     i   0   1   9   9
65.50 66.00    ii   2   2   9  11
66.00 66.50     i   0   1   9   9
66.50 67.00    ii   2   2   9  11
67.00 67.50     i   0   1   9   9
67.50 68.00    ii   2   2   9  11
68.00 68.50     i   0   1   9   9
68.50 69.00    ii   2   2   9  11
69.00 69.50     i   0   1   9   9
69.50 70.00    ii   2   2   9  11
70.00 70.50     i   0   1   9   9
70.50 71.00    ii   2   2   9  11
71.00 71.50     i   0   1   9   9
71.50 72.00    ii   2   2   9  11
72.00 72.50     i   0   1   9   9
72.50 73.00    ii   2   2   9  11
73.00 73.50     i   0   1   9   9
73.50 74.00    ii   2   2   9  11
74.00 74.50     i   0   1   9   9
74.50 75.00    ii   2   2   9  11
75.00 75.50     i   0   1   9   9
75.50 76.00    ii   2   2   9  11
76.00 76.50     i   0   1   9   9
76.50 77.00    ii   2   2   9  11
77.00 77.50     i   0   1   9   9
77.50 78.00    ii   2   2   9  11
78.00 78.50     i   0   1   9   9
78.50 79.00    ii   2   2   9  11
79.00 79.50     i   0   1   9   9
79.50 80.00    ii   2   2   9  11
80.00 80.50     i   0   1   9   9
80.50 81.00    ii   2   2   9  11
81.00 81.50     i   0   1   9   9
81.50 82.00    ii   2   2   9  11
82.00 82.50     i   0   1   9   9
82.50 83.00    ii   2   2   9  11
83.00 83.50     i   0   1   9   9
83.50 84.00    ii   2   2   9  11
84.00 84.50     i   0   1   9   9
84.50 85.00    ii   2   2   9  11
85.00 85.50     i   0   1   9   9
85.50 86.00    ii   2   2   9  11
86.00 86.50     i   0   1   9   9
86.50 87.00    ii   2   2   9  11
87.00 87.50     i   0   1   9   9
87.50 88.00    ii   2   2   9  11
88.00 88.50     i   0   1   9   9
88.50 89.00    ii   2   2   9  11
89.00 89.50     i   0   1   9   9
89.50 90.00    ii   2   2   9  11
90.00 90.50     i   0   1   9   9
90.50 91.00    ii   2   2   9  11
91.00 91.50     i   0   1   9   9
91.50 92.00    ii   2   2   9  11
92.00 92.50     i   0   1   9   9
92.50 93.00    ii   2   2   9  11
93.00 93.50     i   0   1   9   9
93.50 94.00    ii   2   2   9  11
94.00 94.50     i   0   1   9   9
94.50 95.00    ii   2   2   9  11
95.00 95.50     i   0   1   9   9
95.50 96.00    ii   2   2   9  11
96.00 96.50     i   0   1   9   9
96.50 97.00    ii   2   2   9  11
97.00 97.50     i   0   1   9   9
97.50 98.00    ii   2   2   9  11
98.00 98.50     i   0   1   9   9
98.50 99.00    ii   2   2   9  11
99.00 99.50     i   0   1   9   9
99.50 100.00    ii   2   2   9  11
100.00 100.50     i   0   1   9   9
100.50 101.00    ii   2   2   9  11
101.00 101.50     i   0   1   9   9
101.50 102.00    ii   2   2   9  11
102.00 102.50     i   0   1   9   9
102.50 103.00    ii   2   2   9  11
103.00 103.50     i   0   1   9   9
103.50 104.00    ii   2   2   9  11
104.00 104.50     i   0   1   9   9
104.50 105.00    ii   2   2   9  11
105.00 105.50     i   0   1   9   9
105.50 106.00    ii   2   2   9  11
106.00 106.50     i   0   1   9   9
106.50 107.00    ii   2   2   9  11
107.00 107.50     i   0   1   9   9
107.50 108.00    ii   2   2   9  11
108.00 108.50     i   0   1   9   9
108.50 109.00    ii   2   2   9  11
109.00 109.50     i   0   1   9   9
109.50 110.00    ii   2   2   9  11
110.00 110.50     i   0   1   9   9
110.50 111.00    ii   2   2   9  11
111.00 111.50     i   0   1   9   9
111.50 112.00    ii   2   2   9  11
112.00 112.50     i   0   1   9   9
112.50 113.00    ii   2   2   9  11
113.00 113.50     i   0   1   9   9
113.50 114.00    ii   2   2   9  11
114.00 114.50     i   0   1   9   9
114.50 115.00    ii   2   2   9  11
115.00 115.50     i   0   1   9   9
115.50 116.00    ii   2   2   9  11
116.00 116.50     i   0   1   9   9
116.50 117.00    ii   2   2   9  11
117.00 117.50     i   0   1   9   9
117.50 118.00    ii   2   2   9  11
118.00 118.50     i   0   1   9   9
118.50 119.00    ii   2   2   9  11
119.00 119.50     i   0   1   9   9
119.50 120.00    ii   2   2   9  11
120.00 120.50     i   0   1   9   9
120.50 121.00    ii   2   2   9  11
121.00 121.50     i   0   1   9   9
121.50 122.00    ii   2   2   9  11
122.00 122.50     i   0   1   9   9
122.50 123.00    ii   2   2   9  11
123.00 123.50     i   0   1   9   9
123.50 124.00    ii   2   2   9  11
124.00 124.50     i   0   1   9   9
124.50 125.00    ii   2   2   9  11
125.00 125.50     i   0   1   9   9
125.50 126.00    ii   2   2   9  11
126.00 126.50     i   0   1   9   9
126.50 127.00    ii   2   2   9  11
127.00 127.50     i   0   1   9   9
127.50 128.00    ii   2   2   9  11
128.00 128.50     i   0   1   9   9
128.50 129.00    ii   2   2   9  11
129.00 129.50     i   0   1   9   9
129.50 130.00    ii   2   2   9  11
130.00 130.50     i   0   1   9   9
130.50 131.00    ii   2   2   9  11
131.00 131.50     i   0   1   9   9
131.50 132.00    ii   2   2   9  11
132.00 132.50     i   0   1   9   9
132.50 133.00    ii   2   2   9  11
133.00 133.50     i   0   1   9   9
133.50 134.00    ii   2   2   9  11
134.00 134.50     i   0   1   9   9
134.50 135.00    ii   2   2   9  11
135.00 135.50     i   0   1   9   9
135.50 136.00    ii   2   2   9  11
136.00 136.50     i   0   1   9   9
136.50 137.00    ii   2   2   9  11
137.00 137.50     i   0   1   9   9
137.50 138.00    ii   2   2   9  11
138.00 138.50     i   0   1   9   9
138.50 139.00    ii   2   2   9  11
139.00 139.50     i   0   1   9   9
139.50 140.00    ii   2   2   9  11
140.00 140.50     i   0   1   9   9
140.50 141.00    ii   2   2   9  11
141.00 141.50     i   0   1   9   9
141.50 142.00    ii   2   2   9  11
142.00 142.50     i   0   1   9   9
142.50 143.00    ii   2   2   9  11
143.00 143.50     i   0   1   9   9
143.50 144.00    ii   2   2   9  11
144.00 144.50     i   0   1   9   9
144.50 145.00    ii   2   2   9  11
145.00 145.50     i   0   1   9   9
145.50 146.00    ii   2   2   9  11
146.00 146.50     i   0   1   9   9
146.50 147.00    ii   2   2   9  11
147.00 147.50     i   0   1   9   9
147.50 148.00    ii   2   2   9  11
148.00 148.50     i   0   1   9   9
148.50 149.00    ii   2   2   9  11
149.00 149.50     i   0   1   9   9
149.50 150.00    ii   2   2   9  11
150.00 150.50     i   0   1   9   9
150.50 151.00    ii   2   2   9  11
151.00 151.50     i   0   1   9   9
151.50 152.00    ii   2   2   9  11
152.00 152.50     i   0   1   9   9
152.50 153.00    ii   2   2   9  11
153.00 153.50     i   0   1   9   9
153.50 154.00    ii   2   2   9  11
154.00 154.50     i   0   1   9   9
154.50 155.00    ii   2   2   9  11
155.00 155.50     i   0   1   9   9
155.50 156.00    ii   2   2   9  11
156.00 156.50     i   0   1   9   9
156.50 157.00    ii   2   2   9  11
157.00 157.50     i   0   1   9   9
157.50 158.00    ii   2   2   9  11
158.00 158.50     i   0   1   9   9
158.50 159.00    ii   2   2   9  11
159.00 159.50     i   0   1   9   9
159.50 160.00    ii   2   2   9  11
160.00 160.50     i   0   1   9   9
160.50 161.00    ii   2   2   9  11
161.00 161.50     i   0   1   9   9
161.50 162.00    ii   2   2   9  11
162.00 162.50     i   0   1   9   9
162.50 163.00    ii   2   2   9  11
163.00 163.50     i   0   1   9   9
163.50 164.00    ii   2   2   9  11
164.00 164.50     i   0   1   9   9
164.50 165.00    ii   2   2   9  11
165.00 165.50     i   0   1   9   9
165.50 166.00    ii   2   2   9  11
166.00 166.50     i   0   1   9   9
166.50 167.00    ii   2   2   9  11
167.00 167.50     i   0   1   9   9
167.50 168.00    ii   2   2   9  11
168.00 168.50     i   0   1   9   9
168.50 169.00    ii   2   2   9  11
169.00 169.50     i   0   1   9   9
169.50 170.00    ii   2   2   9  11
170.00 170.50     i   0   1   9   9
170.50 171.00    ii   2   2   9  11
171.00 171.50     i   0   1   9   9
171.50 172.00    ii   2   2   9  11
172.00 172.50     i   0   1   9   9
172.50 173.00    ii   2   2   9  11
173.00 173.50     i   0   1   9   9
173.50 174.00    ii   2   2   9  11
174.00 174.50     i   0   1   9   9
174.50 175.00    ii   2   2   9  11
175.00 175.50     I   0   1   7   7
175.50 176.00     V   7   5   7   2
176.00 176.50  bVII  10   7   7   5
176.50 177.00  bIII   3   3   7  10
177.00 177.50   bVI   8   6   7   3
177.50 178.00   bII   1   2   7   8
178.00 181.00     V   7   5   2   9
181.00 182.00   iii   4   3   2   6
182.00 183.00     v   7   5   2   9
183.00 184.00   iii   4   3   2   6
184.00 185.00     v   7   5   2   9
185.00 186.00   iii   4   3   2   6
186.00 187.00     v   7   5   2   9
187.00 188.00   iii   4   3   2   6
188.00 188.50    IV   5   4   2   7
188.50 189.00     V   7   5   2   9
189.00 190.00     I   0   1   2   2
190.00 190.50    IV   5   4   2   7
190.50 191.00     V   7   5   2   9
191.00 191.50     I   0   1   2   2
191.50 192.00    VI   9   6   2  11
192.00 192.50    IV   5   4   2   7
192.50 193.00     I   0   1   2   2
193.00 195.00    II   2   2   2   4
195.00 196.00     v   7   5   2   9
196.00 197.00   iii   4   3   2   6
197.00 198.00     v   7   5   2   9
198.00 199.00   iii   4   3   2   6
199.00 200.00     v   7   5   2   9
200.00 201.00   iii   4   3   2   6
201.00 202.00     v   7   5   2   9
202.00 203.00   iii   4   3   2   6
203.00 203.50    IV   5   4   2   7
203.50 204.00     V   7   5   2   9
204.00 205.00     I   0   1   2   2
205.00 205.50    IV   5   4   2   7
205.50 206.00     V   7   5   2   9
206.00 207.00     I   0   1   2   2
207.00 207.50  bIII   3   3   2   5
207.50 208.00  bVII  10   7   2   0
208.00 209.00     I   0   1   2   2
209.00 209.50  bIII   3   3   2   5
209.50 210.00  bVII  10   7   2   0
210.00 211.00     I   0   1   2   2
211.00 211.50  bIII   3   3   2   5
211.50 212.00  bVII  10   7   2   0
212.00 213.00     I   0   1   2   2
213.00 213.50  bIII   3   3   2   5
213.50 214.00  bVII  10   7   2   0
214.00 215.00     I   0   1   2   2
215.00 215.50     I   0   1   7   7
215.50 216.00     V   7   5   7   2
216.00 216.50  bVII  10   7   7   5
216.50 217.00  bIII   3   3   7  10
217.00 217.50   bVI   8   6   7   3
217.50 218.00   bII   1   2   7   8
218.00 220.00     V   7   5   2   9
---
