 0.00  0.50     I   0   1   0   0
 0.50  1.00   IV7   5   4   0   5
 1.00  1.50     I   0   1   0   0
 1.50  2.00   IV7   5   4   0   5
 2.00  2.50     I   0   1   0   0
 2.50  3.00   IV7   5   4   0   5
 3.00  3.50     I   0   1   0   0
 3.50  4.00   IV7   5   4   0   5
 4.00  4.50     I   0   1   0   0
 4.50  5.00    ii   2   2   0   2
 5.00  5.50   iii   4   3   0   4
 5.50  6.00    IV   5   4   0   5
 6.00  8.00     V   7   5   0   7
 8.00  8.50     I   0   1   0   0
 8.50  9.00    ii   2   2   0   2
 9.00  9.50   iii   4   3   0   4
 9.50 10.00    IV   5   4   0   5
10.00 12.00     V   7   5   0   7
12.00 13.00    IV   5   4   0   5
13.00 14.00     V   7   5   0   7
14.00 15.00    IV   5   4   0   5
15.00 16.00     V   7   5   0   7
16.00 16.50    IV   5   4   0   5
16.50 17.00   iii   4   3   0   4
17.00 17.50    ii   2   2   0   2
17.50 18.00     I   0   1   0   0
18.00 18.50    IV   5   4   0   5
18.50 19.00   iii   4   3   0   4
19.00 19.50    ii   2   2   0   2
19.50 20.00     I   0   1   0   0
20.00 21.00    ii   2   2   0   2
21.00 22.00    IV   5   4   0   5
22.00 24.00     V   7   5   0   7
24.00 24.50     I   0   1   0   0
24.50 25.00    IV   5   4   0   5
25.00 26.00     V   7   5   0   7
26.00 26.50     I   0   1   0   0
26.50 27.00    IV   5   4   0   5
27.00 28.00     V   7   5   0   7
28.00 28.50     I   0   1   0   0
28.50 29.00    IV   5   4   0   5
29.00 30.00     V   7   5   0   7
30.00 30.50     I   0   1   0   0
30.50 31.00    IV   5   4   0   5
31.00 32.00     V   7   5   0   7
32.00 32.50     I   0   1   0   0
32.50 33.00    IV   5   4   0   5
33.00 34.00     V   7   5   0   7
34.00 34.50     I   0   1   0   0
34.50 35.00    IV   5   4   0   5
35.00 37.00     V   7   5   0   7
37.00 37.50     I   0   1   0   0
37.50 38.00    ii   2   2   0   2
38.00 38.50   iii   4   3   0   4
38.50 39.00    IV   5   4   0   5
39.00 41.00     V   7   5   0   7
41.00 41.50     I   0   1   0   0
41.50 42.00    ii   2   2   0   2
42.00 42.50   iii   4   3   0   4
42.50 43.00    IV   5   4   0   5
43.00 45.00     V   7   5   0   7
45.00 46.00    IV   5   4   0   5
46.00 47.00     V   7   5   0   7
47.00 48.00    IV   5   4   0   5
48.00 49.00     V   7   5   0   7
49.00 49.50    IV   5   4   0   5
49.50 50.00   iii   4   3   0   4
50.00 50.50    ii   2   2   0   2
50.50 51.00     I   0   1   0   0
51.00 51.50    IV   5   4   0   5
51.50 52.00   iii   4   3   0   4
52.00 52.50    ii   2   2   0   2
52.50 53.00     I   0   1   0   0
53.00 54.00    ii   2   2   0   2
54.00 55.00    IV   5   4   0   5
55.00 57.00     V   7   5   0   7
57.00 57.50     I   0   1   0   0
57.50 58.00    IV   5   4   0   5
58.00 59.00     V   7   5   0   7
59.00 59.50     I   0   1   0   0
59.50 60.00    IV   5   4   0   5
60.00 61.00     V   7   5   0   7
61.00 61.50     I   0   1   0   0
61.50 62.00    IV   5   4   0   5
62.00 63.00     V   7   5   0   7
63.00 63.50     I   0   1   0   0
63.50 64.00    IV   5   4   0   5
64.00 65.00     V   7   5   0   7
65.00 65.50     I   0   1   0   0
65.50 66.00    IV   5   4   0   5
66.00 67.00     V   7   5   0   7
67.00 67.50     I   0   1   0   0
67.50 68.00    IV   5   4   0   5
68.00 69.00     V   7   5   0   7
69.00 69.50     I   0   1   0   0
69.50 70.00    IV   5   4   0   5
70.00 72.00     V   7   5   0   7
72.00 72.50     I   0   1   0   0
72.50 73.00    ii   2   2   0   2
73.00 73.50   iii   4   3   0   4
73.50 74.00    IV   5   4   0   5
74.00 76.00     V   7   5   0   7
76.00 76.50     I   0   1   0   0
76.50 77.00    ii   2   2   0   2
77.00 77.50   iii   4   3   0   4
77.50 78.00    IV   5   4   0   5
78.00 80.00     V   7   5   0   7
80.00 81.00    IV   5   4   0   5
81.00 82.00     V   7   5   0   7
82.00 83.00    IV   5   4   0   5
83.00 84.00     V   7   5   0   7
84.00 84.50    IV   5   4   0   5
84.50 85.00   iii   4   3   0   4
85.00 85.50    ii   2   2   0   2
85.50 86.00     I   0   1   0   0
86.00 86.50    IV   5   4   0   5
86.50 87.00   iii   4   3   0   4
87.00 87.50    ii   2   2   0   2
87.50 88.00     I   0   1   0   0
88.00 89.00    ii   2   2   0   2
89.00 90.00    IV   5   4   0   5
90.00 92.00     V   7   5   0   7
92.00 92.50     I   0   1   0   0
92.50 93.00    IV   5   4   0   5
93.00 94.00     V   7   5   0   7
94.00 94.50     I   0   1   0   0
94.50 95.00    IV   5   4   0   5
95.00 96.00     V   7   5   0   7
96.00 96.50     I   0   1   0   0
96.50 97.00    IV   5   4   0   5
97.00 98.00     V   7   5   0   7
98.00 98.50     I   0   1   0   0
98.50 99.00    IV   5   4   0   5
99.00 100.00     V   7   5   0   7
100.00 100.50     I   0   1   0   0
100.50 101.00    IV   5   4   0   5
101.00 102.00     V   7   5   0   7
102.00 102.50     I   0   1   0   0
102.50 103.00    IV   5   4   0   5
103.00 104.00     V   7   5   0   7
104.00 104.50     I   0   1   0   0
104.50 105.00    IV   5   4   0   5
105.00 107.00     V   7   5   0   7
107.00 107.50     I   0   1   0   0
107.50 108.00    ii   2   2   0   2
108.00 108.50   iii   4   3   0   4
108.50 109.00    IV   5   4   0   5
109.00 111.00     V   7   5   0   7
111.00 111.50     I   0   1   0   0
111.50 112.00    ii   2   2   0   2
112.00 112.50   iii   4   3   0   4
112.50 113.00    IV   5   4   0   5
113.00 115.00     V   7   5   0   7
115.00 116.00    IV   5   4   0   5
116.00 117.00     V   7   5   0   7
117.00 118.00    IV   5   4   0   5
118.00 119.00     V   7   5   0   7
119.00 119.50    IV   5   4   0   5
119.50 120.00   iii   4   3   0   4
120.00 120.50    ii   2   2   0   2
120.50 121.00     I   0   1   0   0
121.00 121.50    IV   5   4   0   5
121.50 122.00   iii   4   3   0   4
122.00 122.50    ii   2   2   0   2
122.50 123.00     I   0   1   0   0
123.00 124.00    ii   2   2   0   2
124.00 125.00    IV   5   4   0   5
125.00 127.00     V   7   5   0   7
127.00 127.50     I   0   1   0   0
127.50 128.00    IV   5   4   0   5
128.00 129.00     V   7   5   0   7
129.00 129.50     I   0   1   0   0
129.50 130.00    IV   5   4   0   5
130.00 131.00     V   7   5   0   7
131.00 131.50     I   0   1   0   0
131.50 132.00    IV   5   4   0   5
132.00 133.00     V   7   5   0   7
133.00 133.50     I   0   1   0   0
133.50 134.00    IV   5   4   0   5
134.00 135.00     V   7   5   0   7
135.00 135.50     I   0   1   0   0
135.50 136.00    IV   5   4   0   5
136.00 137.00     V   7   5   0   7
137.00 137.50     I   0   1   0   0
137.50 138.00    IV   5   4   0   5
138.00 139.00     V   7   5   0   7
139.00 139.50     I   0   1   0   0
139.50 140.00    IV   5   4   0   5
140.00 141.00     V   7   5   0   7
---
