 1.00  2.00    IV   5   4   1   6
 2.00  3.00     V   7   5   1   8
 3.00  4.00    vi   9   6   1  10
 4.00  6.00    IV   5   4   1   6
 6.00  7.00     V   7   5   1   8
 7.00  8.00    vi   9   6   1  10
 8.00 10.00    IV   5   4   1   6
10.00 11.00     V   7   5   1   8
11.00 12.00    vi   9   6   1  10
12.00 14.00    IV   5   4   1   6
14.00 15.00     V   7   5   1   8
15.00 16.00    vi   9   6   1  10
16.00 18.00    IV   5   4   1   6
18.00 19.00     V   7   5   1   8
19.00 20.00    vi   9   6   1  10
20.00 22.00    IV   5   4   1   6
22.00 23.00     V   7   5   1   8
23.00 24.00    vi   9   6   1  10
24.00 25.00     V   7   5   1   8
25.00 25.50    IV   5   4   1   6
25.50 26.00     V   7   5   1   8
26.00 27.00     I   0   1   1   1
27.00 27.50    IV   5   4   1   6
27.50 28.00     V   7   5   1   8
28.00 29.00    vi   9   6   1  10
29.00 29.50    IV   5   4   1   6
29.50 30.00     V   7   5   1   8
30.00 31.00     I   0   1   1   1
31.00 32.00    IV   5   4   1   6
32.00 33.00     V   7   5   1   8
33.00 34.00    IV   5   4   1   6
34.00 35.00     V   7   5   1   8
35.00 36.00    vi   9   6   1  10
36.00 38.00    IV   5   4   1   6
38.00 39.00     V   7   5   1   8
39.00 40.00    vi   9   6   1  10
40.00 42.00    IV   5   4   1   6
42.00 43.00     V   7   5   1   8
43.00 44.00    vi   9   6   1  10
44.00 46.00    IV   5   4   1   6
46.00 47.00     V   7   5   1   8
47.00 48.00    vi   9   6   1  10
48.00 49.00     V   7   5   1   8
49.00 49.50    IV   5   4   1   6
49.50 50.00     V   7   5   1   8
50.00 51.00     I   0   1   1   1
51.00 51.50    IV   5   4   1   6
51.50 52.00     V   7   5   1   8
52.00 53.00    vi   9   6   1  10
53.00 53.50    IV   5   4   1   6
53.50 54.00     V   7   5   1   8
54.00 55.00     I   0   1   1   1
55.00 56.00    IV   5   4   1   6
56.00 57.00     V   7   5   1   8
57.00 57.50    IV   5   4   1   6
57.50 58.00     V   7   5   1   8
58.00 59.00     I   0   1   1   1
59.00 59.50    IV   5   4   1   6
59.50 60.00     V   7   5   1   8
60.00 61.00    vi   9   6   1  10
61.00 61.50    IV   5   4   1   6
61.50 62.00     V   7   5   1   8
62.00 63.00     I   0   1   1   1
63.00 64.00    IV   5   4   1   6
64.00 65.00     V   7   5   1   8
65.00 66.00     I   0   1   1   1
66.00 67.00     V   7   5   1   8
67.00 68.00    vi   9   6   1  10
68.00 70.00    IV   5   4   1   6
70.00 71.00     V   7   5   1   8
71.00 72.00    vi   9   6   1  10
72.00 73.00     V   7   5   1   8
73.00 73.50    IV   5   4   1   6
73.50 74.00     V   7   5   1   8
74.00 75.00     I   0   1   1   1
75.00 75.50    IV   5   4   1   6
75.50 76.00     V   7   5   1   8
76.00 77.00    vi   9   6   1  10
77.00 77.50    IV   5   4   1   6
77.50 78.00     V   7   5   1   8
78.00 79.00     I   0   1   1   1
79.00 80.00    IV   5   4   1   6
80.00 81.00     V   7   5   1   8
81.00 81.50    IV   5   4   1   6
81.50 82.00     V   7   5   1   8
82.00 83.00     I   0   1   1   1
83.00 83.50    IV   5   4   1   6
83.50 84.00     V   7   5   1   8
84.00 85.00    vi   9   6   1  10
85.00 85.50    IV   5   4   1   6
85.50 86.00     V   7   5   1   8
86.00 87.00     I   0   1   1   1
87.00 88.00    IV   5   4   1   6
88.00 89.00     V   7   5   1   8
89.00 89.50    IV   5   4   1   6
89.50 90.00     V   7   5   1   8
90.00 91.00     I   0   1   1   1
91.00 91.50    IV   5   4   1   6
91.50 92.00     V   7   5   1   8
92.00 93.00    vi   9   6   1  10
93.00 93.50    IV   5   4   1   6
93.50 94.00     V   7   5   1   8
94.00 95.00     I   0   1   1   1
95.00 96.00    IV   5   4   1   6
96.00 97.00     V   7   5   1   8
97.00 98.00    IV   5   4   1   6
98.00 99.00     V   7   5   1   8
99.00 100.00    vi   9   6   1  10
100.00 102.00    IV   5   4   1   6
102.00 103.00     V   7   5   1   8
103.00 104.00    vi   9   6   1  10
104.00 106.00    IV   5   4   1   6
106.00 107.00     V   7   5   1   8
107.00 108.00    vi   9   6   1  10
108.00 110.00    IV   5   4   1   6
110.00 111.00     V   7   5   1   8
111.00 112.00    vi   9   6   1  10
112.00 113.00     V   7   5   1   8
113.00 113.50    IV   5   4   1   6
113.50 114.00     V   7   5   1   8
114.00 115.00     I   0   1   1   1
115.00 115.50    IV   5   4   1   6
115.50 116.00     V   7   5   1   8
116.00 117.00    vi   9   6   1  10
117.00 117.50    IV   5   4   1   6
117.50 118.00     V   7   5   1   8
118.00 119.00     I   0   1   1   1
119.00 120.00    IV   5   4   1   6
120.00 121.00     V   7   5   1   8
121.00 121.50    IV   5   4   1   6
121.50 122.00     V   7   5   1   8
122.00 123.00     I   0   1   1   1
123.00 123.50    IV   5   4   1   6
123.50 124.00     V   7   5   1   8
124.00 125.00    vi   9   6   1  10
125.00 125.50    IV   5   4   1   6
125.50 126.00     V   7   5   1   8
126.00 127.00     I   0   1   1   1
127.00 128.00    IV   5   4   1   6
128.00 129.00     V   7   5   1   8
129.00 129.50    IV   5   4   1   6
129.50 130.00     V   7   5   1   8
130.00 131.00     I   0   1   1   1
131.00 131.50    IV   5   4   1   6
131.50 132.00     V   7   5   1   8
132.00 133.00    vi   9   6   1  10
133.00 133.50    IV   5   4   1   6
133.50 134.00     V   7   5   1   8
134.00 135.00     I   0   1   1   1
135.00 136.00    IV   5   4   1   6
136.00 137.00     V   7   5   1   8
137.00 137.50    IV   5   4   1   6
137.50 138.00     V   7   5   1   8
138.00 139.00     I   0   1   1   1
139.00 139.50    IV   5   4   1   6
139.50 140.00     V   7   5   1   8
140.00 141.00    vi   9   6   1  10
141.00 141.50    IV   5   4   1   6
141.50 142.00     V   7   5   1   8
142.00 143.00     I   0   1   1   1
143.00 144.00    IV   5   4   1   6
144.00 145.00     V   7   5   1   8
---
