 0.00 12.00     I   0   1   6   6
12.00 13.00    IV   5   4   6  11
13.00 14.00     V   7   5   6   1
14.00 24.00     I   0   1   6   6
24.00 25.00    IV   5   4   6  11
25.00 26.00     V   7   5   6   1
26.00 29.00     I   0   1   6   6
29.00 30.00  vih7   9   6   6   3
30.00 31.00 bVIs4   8   6   6   2
31.00 33.00    bV   6   4   6   0
33.00 34.00  bIII   3   3   6   9
34.00 35.00   bII   1   2   6   7
35.00 45.00     I   0   1   6   6
45.00 46.00    IV   5   4   6  11
46.00 47.00     V   7   5   6   1
47.00 57.00     I   0   1   6   6
57.00 58.00    IV   5   4   6  11
58.00 59.00     V   7   5   6   1
59.00 64.00     I   0   1   6   6
64.00 65.00  vih7   9   6   6   3
65.00 66.00 bVIs4   8   6   6   2
66.00 68.00    bV   6   4   6   0
68.00 69.00  bIII   3   3   6   9
69.00 70.00   bII   1   2   6   7
70.00 101.00     I   0   1   6   6
101.00 102.00  vih7   9   6   6   3
102.00 103.00 bVIs4   8   6   6   2
103.00 105.00    bV   6   4   6   0
105.00 106.00  bIII   3   3   6   9
106.00 107.00   bII   1   2   6   7
107.00 118.00     I   0   1   6   6
118.00 119.00    IV   5   4   6  11
119.00 120.00     V   7   5   6   1
120.00 130.00     I   0   1   6   6
130.00 131.00    IV   5   4   6  11
131.00 132.00     V   7   5   6   1
132.00 137.00     I   0   1   6   6
137.00 138.00  vih7   9   6   6   3
138.00 139.00 bVIs4   8   6   6   2
139.00 141.00    bV   6   4   6   0
141.00 142.00  bIII   3   3   6   9
142.00 143.00   bII   1   2   6   7
143.00 146.00     I   0   1   6   6
146.00 147.00  vih7   9   6   6   3
147.00 148.00 bVIs4   8   6   6   2
148.00 150.00    bV   6   4   6   0
150.00 151.00  bIII   3   3   6   9
151.00 152.00   bII   1   2   6   7
152.00 155.00     I   0   1   6   6
155.00 156.00  vih7   9   6   6   3
156.00 157.00 bVIs4   8   6   6   2
157.00 159.00    bV   6   4   6   0
159.00 160.00  bIII   3   3   6   9
160.00 169.00   bII   1   2   6   7
---
