 0.00  1.00     i   0   1   4   4
 1.00  2.00  bII7   1   2   4   5
 2.00  3.00     i   0   1   4   4
 3.00  4.00  bII7   1   2   4   5
 4.00  5.00     i   0   1   4   4
 5.00  6.00  bII7   1   2   4   5
 6.00  7.00     i   0   1   4   4
 7.00  8.00  bII7   1   2   4   5
 8.00  9.00     i   0   1   4   4
 9.00 10.00  bII7   1   2   4   5
10.00 11.00     i   0   1   4   4
11.00 12.00  bII7   1   2   4   5
12.00 13.00     i   0   1   4   4
13.00 14.00  bII7   1   2   4   5
14.00 15.00    i6   0   1   4   4
15.00 16.00  bIII   3   3   4   7
16.00 17.00     i   0   1   4   4
17.00 18.00  bII7   1   2   4   5
18.00 19.00    i6   0   1   4   4
19.00 20.00  bIII   3   3   4   7
20.00 21.00     i   0   1   4   4
21.00 22.00  bII7   1   2   4   5
22.00 23.00    i6   0   1   4   4
23.00 24.00  bIII   3   3   4   7
24.00 25.00     i   0   1   4   4
25.00 26.00  bII7   1   2   4   5
26.00 27.00    i6   0   1   4   4
27.00 28.00  bIII   3   3   4   7
28.00 29.00     i   0   1   4   4
29.00 30.00  bIII   3   3   4   7
30.00 31.00     i   0   1   4   4
31.00 32.00  bIII   3   3   4   7
32.00 33.00     i   0   1   4   4
33.00 34.00  bIII   3   3   4   7
34.00 35.00     i   0   1   4   4
35.00 37.00  bVII  10   7   4   2
37.00 38.00     i   0   1   4   4
38.00 39.00  bII7   1   2   4   5
39.00 40.00    i6   0   1   4   4
40.00 41.00  bIII   3   3   4   7
41.00 42.00     i   0   1   4   4
42.00 43.00  bII7   1   2   4   5
43.00 44.00    i6   0   1   4   4
44.00 45.00  bIII   3   3   4   7
45.00 46.00     i   0   1   4   4
46.00 47.00  bII7   1   2   4   5
47.00 48.00    i6   0   1   4   4
48.00 49.00  bIII   3   3   4   7
49.00 50.00     i   0   1   4   4
50.00 51.00  bII7   1   2   4   5
51.00 52.00    i6   0   1   4   4
52.00 53.00  bIII   3   3   4   7
53.00 54.00     i   0   1   4   4
54.00 55.00  bIII   3   3   4   7
55.00 56.00     i   0   1   4   4
56.00 57.00  bIII   3   3   4   7
57.00 58.00     i   0   1   4   4
58.00 59.00  bIII   3   3   4   7
59.00 60.00     i   0   1   4   4
60.00 62.00  bVII  10   7   4   2
62.00 63.00     i   0   1   4   4
63.00 64.00  bII7   1   2   4   5
64.00 65.00    i6   0   1   4   4
65.00 66.00  bIII   3   3   4   7
66.00 67.00     i   0   1   4   4
67.00 68.00  bII7   1   2   4   5
68.00 69.00    i6   0   1   4   4
69.00 70.00  bIII   3   3   4   7
70.00 71.00     i   0   1   4   4
71.00 72.00  bII7   1   2   4   5
72.00 73.00    i6   0   1   4   4
73.00 74.00  bIII   3   3   4   7
74.00 75.00     i   0   1   4   4
75.00 76.00  bII7   1   2   4   5
76.00 77.00    i6   0   1   4   4
77.00 78.00  bIII   3   3   4   7
78.00 79.00     i   0   1   4   4
79.00 80.00  bIII   3   3   4   7
80.00 81.00     i   0   1   4   4
81.00 82.00  bIII   3   3   4   7
82.00 83.00     i   0   1   4   4
83.00 84.00  bIII   3   3   4   7
84.00 85.00     i   0   1   4   4
85.00 87.00  bVII  10   7   4   2
87.00 88.00     i   0   1   4   4
88.00 89.00  bII7   1   2   4   5
89.00 90.00     i   0   1   4   4
90.00 91.00  bII7   1   2   4   5
91.00 92.00     i   0   1   4   4
92.00 93.00  bII7   1   2   4   5
93.00 94.00     i   0   1   4   4
94.00 95.00  bII7   1   2   4   5
95.00 96.00     i   0   1   4   4
96.00 97.00  bII7   1   2   4   5
97.00 98.00     i   0   1   4   4
98.00 99.00  bII7   1   2   4   5
99.00 100.00     i   0   1   4   4
100.00 101.00  bII7   1   2   4   5
101.00 102.00     i   0   1   4   4
102.00 103.00  bII7   1   2   4   5
103.00 104.00     i   0   1   4   4
104.00 105.00  bII7   1   2   4   5
105.00 106.00     i   0   1   4   4
106.00 107.00  bII7   1   2   4   5
107.00 108.00     i   0   1   4   4
---
