 0.00  4.00     I   0   1   5   5
 4.00  6.00    IV   5   4   5  10
 6.00  8.00     I   0   1   5   5
 8.00  9.00     V   7   5   5   0
 9.00 10.00    IV   5   4   5  10
10.00 16.00     I   0   1   5   5
16.00 18.00    IV   5   4   5  10
18.00 20.00     I   0   1   5   5
20.00 21.00     V   7   5   5   0
21.00 22.00    IV   5   4   5  10
22.00 28.00     I   0   1   5   5
28.00 30.00    IV   5   4   5  10
30.00 32.00     I   0   1   5   5
32.00 33.00     V   7   5   5   0
33.00 34.00    IV   5   4   5  10
34.00 40.00     I   0   1   5   5
40.00 42.00    IV   5   4   5  10
42.00 44.00     I   0   1   5   5
44.00 45.00     V   7   5   5   0
45.00 46.00    IV   5   4   5  10
46.00 52.00     I   0   1   5   5
52.00 54.00    IV   5   4   5  10
54.00 56.00     I   0   1   5   5
56.00 57.00     V   7   5   5   0
57.00 58.00    IV   5   4   5  10
58.00 64.00     I   0   1   5   5
64.00 66.00    IV   5   4   5  10
66.00 68.00     I   0   1   5   5
68.00 69.00     V   7   5   5   0
69.00 70.00    IV   5   4   5  10
70.00 76.00     I   0   1   5   5
76.00 78.00    IV   5   4   5  10
78.00 80.00     I   0   1   5   5
80.00 81.00     V   7   5   5   0
81.00 82.00    IV   5   4   5  10
82.00 88.00     I   0   1   5   5
88.00 90.00    IV   5   4   5  10
90.00 92.00     I   0   1   5   5
92.00 93.00     V   7   5   5   0
93.00 94.00    IV   5   4   5  10
94.00 96.00     I   0   1   5   5
---
