 0.00  0.50     i   0   1   2   2
 0.50  1.00  bVII  10   7   2   0
 1.00  2.00   bVI   8   6   2  10
 2.00  2.50     i   0   1   2   2
 2.50  3.00  bVII  10   7   2   0
 3.00  4.00   bVI   8   6   2  10
 4.00  4.50    iv   5   4   2   7
 4.50  5.00  bIII   3   3   2   5
 5.00  6.00   iio   2   2   2   4
 6.00  8.00     V   7   5   2   9
 8.00  9.00     i   0   1   2   2
 9.00 10.00   bVI   8   6   2  10
10.00 11.00     i   0   1   2   2
11.00 12.00   bVI   8   6   2  10
12.00 13.00     i   0   1   2   2
13.00 14.00   bVI   8   6   2  10
14.00 15.00     i   0   1   2   2
15.00 16.00   bVI   8   6   2  10
16.00 17.00     i   0   1   2   2
17.00 18.00   bVI   8   6   2  10
18.00 19.00     i   0   1   2   2
19.00 19.50    iv   5   4   2   7
19.50 20.00   iio   2   2   2   4
20.00 21.00     i   0   1   2   2
21.00 22.00   bVI   8   6   2  10
22.00 23.00     i   0   1   2   2
23.00 23.50    iv   5   4   2   7
23.50 24.00   iio   2   2   2   4
24.00 25.00     i   0   1   2   2
25.00 26.00   bVI   8   6   2  10
26.00 27.00     i   0   1   2   2
27.00 27.50    iv   5   4   2   7
27.50 28.00   iio   2   2   2   4
28.00 29.00     i   0   1   2   2
29.00 30.00   bVI   8   6   2  10
30.00 31.00     i   0   1   2   2
31.00 31.50    iv   5   4   2   7
31.50 32.00   iio   2   2   2   4
32.00 33.00     i   0   1   2   2
33.00 33.50   bVI   8   6   2  10
33.50 34.00  bVII  10   7   2   0
34.00 35.00     i   0   1   2   2
35.00 35.50   bVI   8   6   2  10
35.50 36.00  bVII  10   7   2   0
36.00 37.00     i   0   1   2   2
37.00 37.50   bVI   8   6   2  10
37.50 38.00  bVII  10   7   2   0
38.00 39.00     i   0   1   2   2
39.00 39.50   bVI   8   6   2  10
39.50 40.00  bVII  10   7   2   0
40.00 41.00     i   0   1   2   2
41.00 42.00   bVI   8   6   2  10
42.00 43.00     i   0   1   2   2
43.00 43.50    iv   5   4   2   7
43.50 44.00   iio   2   2   2   4
44.00 45.00     i   0   1   2   2
45.00 46.00   bVI   8   6   2  10
46.00 47.00     i   0   1   2   2
47.00 47.50    iv   5   4   2   7
47.50 48.00   iio   2   2   2   4
48.00 49.00     i   0   1   2   2
49.00 50.00   bVI   8   6   2  10
50.00 51.00     i   0   1   2   2
51.00 51.50    iv   5   4   2   7
51.50 52.00   iio   2   2   2   4
52.00 53.00     i   0   1   2   2
53.00 54.00   bVI   8   6   2  10
54.00 55.00     i   0   1   2   2
55.00 55.50    iv   5   4   2   7
55.50 56.00   iio   2   2   2   4
56.00 57.00     i   0   1   2   2
57.00 57.50   bVI   8   6   2  10
57.50 58.00  bVII  10   7   2   0
58.00 59.00     i   0   1   2   2
59.00 59.50   bVI   8   6   2  10
59.50 60.00  bVII  10   7   2   0
60.00 61.00     i   0   1   2   2
61.00 61.50   bVI   8   6   2  10
61.50 62.00  bVII  10   7   2   0
62.00 63.00     i   0   1   2   2
63.00 63.50   bVI   8   6   2  10
63.50 64.00  bVII  10   7   2   0
64.00 65.00     i   0   1   2   2
65.00 66.00   bVI   8   6   2  10
66.00 67.00     i   0   1   2   2
67.00 67.50    iv   5   4   2   7
67.50 68.00   iio   2   2   2   4
68.00 69.00     i   0   1   2   2
69.00 70.00   bVI   8   6   2  10
70.00 71.00     i   0   1   2   2
71.00 71.50    iv   5   4   2   7
71.50 72.00   iio   2   2   2   4
72.00 73.00     i   0   1   2   2
73.00 74.00   bVI   8   6   2  10
74.00 75.00     i   0   1   2   2
75.00 75.50    iv   5   4   2   7
75.50 76.00   iio   2   2   2   4
76.00 77.00     i   0   1   2   2
77.00 78.00   bVI   8   6   2  10
78.00 79.00     i   0   1   2   2
79.00 79.50    iv   5   4   2   7
79.50 80.00   iio   2   2   2   4
80.00 81.00     i   0   1   2   2
81.00 82.00   bVI   8   6   2  10
82.00 83.00     i   0   1   2   2
83.00 83.50    iv   5   4   2   7
83.50 84.00   iio   2   2   2   4
84.00 85.00     i   0   1   2   2
85.00 86.00   bVI   8   6   2  10
86.00 87.00     i   0   1   2   2
87.00 87.50    iv   5   4   2   7
87.50 88.00   iio   2   2   2   4
88.00 89.00     i   0   1   2   2
89.00 89.50   bVI   8   6   2  10
89.50 90.00  bVII  10   7   2   0
90.00 91.00     i   0   1   2   2
91.00 91.50   bVI   8   6   2  10
91.50 92.00  bVII  10   7   2   0
92.00 93.00     i   0   1   2   2
93.00 93.50   bVI   8   6   2  10
93.50 94.00  bVII  10   7   2   0
94.00 95.00     i   0   1   2   2
95.00 95.50   bVI   8   6   2  10
95.50 96.00  bVII  10   7   2   0
96.00 97.00     i   0   1   2   2
97.00 97.50   bVI   8   6   2  10
97.50 98.00  bVII  10   7   2   0
98.00 99.00     i   0   1   2   2
99.00 99.50   bVI   8   6   2  10
99.50 100.00  bVII  10   7   2   0
100.00 101.00     i   0   1   2   2
101.00 101.50   bVI   8   6   2  10
101.50 102.00  bVII  10   7   2   0
102.00 103.00     i   0   1   2   2
103.00 103.50   bVI   8   6   2  10
103.50 104.00  bVII  10   7   2   0
104.00 105.00     i   0   1   2   2
105.00 105.50   bVI   8   6   2  10
105.50 106.00  bVII  10   7   2   0
106.00 107.00     i   0   1   2   2
107.00 107.50   bVI   8   6   2  10
107.50 108.00  bVII  10   7   2   0
108.00 109.00     i   0   1   2   2
109.00 109.50   bVI   8   6   2  10
109.50 110.00  bVII  10   7   2   0
---
