 0.50  1.00  bVII  10   7   9   7
 1.00  2.50   bVI   8   6   9   5
 2.50  3.00  bVII  10   7   9   7
 3.00  5.00     i   0   1   9   9
 5.00  6.50   bVI   8   6   9   5
 6.50  7.00  bVII  10   7   9   7
 7.00  8.00     i   0   1   9   9
 8.00  9.00  bVII  10   7   9   7
 9.00 11.00     i   0   1   9   9
11.00 13.00     v   7   5   9   4
13.00 15.00     i   0   1   9   9
15.00 17.00     v   7   5   9   4
17.00 19.00     i   0   1   9   9
19.00 21.00     v   7   5   9   4
21.00 23.00    iv   5   4   9   2
23.00 25.00  bVII  10   7   9   7
25.00 27.00     i   0   1   9   9
27.00 29.00     v   7   5   9   4
29.00 31.00     i   0   1   9   9
31.00 33.00     v   7   5   9   4
33.00 35.00     i   0   1   9   9
35.00 37.00     v   7   5   9   4
37.00 39.00    iv   5   4   9   2
39.00 41.00  bVII  10   7   9   7
41.00 43.00   bVI   8   6   9   5
43.00 45.00     i   0   1   9   9
45.00 47.00   bVI   8   6   9   5
47.00 48.00     i   0   1   9   9
48.00 49.00  bVII  10   7   9   7
49.00 51.00     i   0   1   9   9
51.00 53.00     v   7   5   9   4
53.00 55.00     i   0   1   9   9
55.00 57.00     v   7   5   9   4
57.00 59.00     i   0   1   9   9
59.00 61.00     v   7   5   9   4
61.00 63.00    iv   5   4   9   2
63.00 65.00  bVII  10   7   9   7
65.00 67.00     i   0   1   9   9
67.00 69.00     v   7   5   9   4
69.00 71.00     i   0   1   9   9
71.00 73.00     v   7   5   9   4
73.00 75.00     i   0   1   9   9
75.00 77.00     v   7   5   9   4
77.00 79.00    iv   5   4   9   2
79.00 81.00  bVII  10   7   9   7
81.00 83.00   bVI   8   6   9   5
83.00 85.00     i   0   1   9   9
85.00 87.00   bVI   8   6   9   5
87.00 88.00     i   0   1   9   9
88.00 89.00  bVII  10   7   9   7
89.00 90.00     i   0   1   9   9
90.00 91.00  bVII  10   7   9   7
91.00 92.00   bVI   8   6   9   5
92.00 93.00  bVII  10   7   9   7
93.00 94.00  bIII   3   3   9   0
94.00 95.00    iv   5   4   9   2
95.00 96.00  bIII   3   3   9   0
96.00 97.00    iv   5   4   9   2
97.00 99.00     i   0   1   9   9
99.00 101.00     v   7   5   9   4
101.00 103.00     i   0   1   9   9
103.00 105.00     v   7   5   9   4
105.00 107.00     i   0   1   9   9
107.00 109.00     v   7   5   9   4
109.00 111.00    iv   5   4   9   2
111.00 113.00  bVII  10   7   9   7
113.00 115.00   bVI   8   6   9   5
115.00 117.00     i   0   1   9   9
117.00 119.00   bVI   8   6   9   5
119.00 121.00     i   0   1   9   9
121.00 123.00   bVI   8   6   9   5
123.00 125.00     i   0   1   9   9
125.00 127.00   bVI   8   6   9   5
127.00 128.00     i   0   1   9   9
128.00 129.00  bVII  10   7   9   7
129.00 138.00     i   0   1   9   9
---
