 0.00  0.50     I   0   1   9   9
 0.50  1.00    IV   5   4   9   2
 1.00  1.50     v   7   5   9   4
 1.50  2.00    IV   5   4   9   2
 2.00  2.50     I   0   1   9   9
 2.50  3.00    IV   5   4   9   2
 3.00  3.50     v   7   5   9   4
 3.50  4.00    IV   5   4   9   2
 4.00  4.50     I   0   1   9   9
 4.50  5.00    IV   5   4   9   2
 5.00  5.50     v   7   5   9   4
 5.50  6.00    IV   5   4   9   2
 6.00  6.50     I   0   1   9   9
 6.50  7.00    IV   5   4   9   2
 7.00  7.50     v   7   5   9   4
 7.50  8.00    IV   5   4   9   2
 8.00  8.50     I   0   1   9   9
 8.50  9.00    IV   5   4   9   2
 9.00  9.50     v   7   5   9   4
 9.50 10.00    IV   5   4   9   2
10.00 10.50     I   0   1   9   9
10.50 11.00    IV   5   4   9   2
11.00 11.50     v   7   5   9   4
11.50 12.00    IV   5   4   9   2
12.00 12.50     I   0   1   9   9
12.50 13.00    IV   5   4   9   2
13.00 13.50     v   7   5   9   4
13.50 14.00    IV   5   4   9   2
14.00 14.50     I   0   1   9   9
14.50 15.00    IV   5   4   9   2
15.00 15.50     v   7   5   9   4
15.50 16.00    IV   5   4   9   2
16.00 16.50     I   0   1   9   9
16.50 17.00    IV   5   4   9   2
17.00 17.50     v   7   5   9   4
17.50 18.00    IV   5   4   9   2
18.00 18.50     I   0   1   9   9
18.50 19.00    IV   5   4   9   2
19.00 19.50     v   7   5   9   4
19.50 20.00    IV   5   4   9   2
20.00 20.50     I   0   1   9   9
20.50 21.00    IV   5   4   9   2
21.00 21.50     v   7   5   9   4
21.50 22.00    IV   5   4   9   2
22.00 22.50     I   0   1   9   9
22.50 23.00    IV   5   4   9   2
23.00 23.50     v   7   5   9   4
23.50 24.00    IV   5   4   9   2
24.00 24.50     I   0   1   9   9
24.50 25.00    IV   5   4   9   2
25.00 25.50     v   7   5   9   4
25.50 26.00    IV   5   4   9   2
26.00 26.50     I   0   1   9   9
26.50 27.00    IV   5   4   9   2
27.00 27.50     v   7   5   9   4
27.50 28.00    IV   5   4   9   2
28.00 28.50     I   0   1   9   9
28.50 29.00    IV   5   4   9   2
29.00 29.50     v   7   5   9   4
29.50 30.00    IV   5   4   9   2
30.00 30.50     I   0   1   9   9
30.50 31.00    IV   5   4   9   2
31.00 31.50     v   7   5   9   4
31.50 32.00    IV   5   4   9   2
32.00 32.50     I   0   1   9   9
32.50 33.00    IV   5   4   9   2
33.00 33.50     v   7   5   9   4
33.50 34.00    IV   5   4   9   2
34.00 34.50     I   0   1   9   9
34.50 35.00    IV   5   4   9   2
35.00 35.50     v   7   5   9   4
35.50 36.00    IV   5   4   9   2
36.00 36.50     I   0   1   9   9
36.50 37.00    IV   5   4   9   2
37.00 37.50     v   7   5   9   4
37.50 38.00    IV   5   4   9   2
38.00 38.50     I   0   1   9   9
38.50 39.00    IV   5   4   9   2
39.00 39.50     v   7   5   9   4
39.50 40.00    IV   5   4   9   2
40.00 40.50     I   0   1   9   9
40.50 41.00    IV   5   4   9   2
41.00 41.50     v   7   5   9   4
41.50 42.00    IV   5   4   9   2
42.00 42.50     I   0   1   9   9
42.50 43.00    IV   5   4   9   2
43.00 43.50     v   7   5   9   4
43.50 44.00    IV   5   4   9   2
44.00 44.50     I   0   1   9   9
44.50 45.00    IV   5   4   9   2
45.00 45.50     v   7   5   9   4
45.50 46.00    IV   5   4   9   2
46.00 46.50     I   0   1   9   9
46.50 47.00    IV   5   4   9   2
47.00 47.50     v   7   5   9   4
47.50 48.00    IV   5   4   9   2
48.00 48.50     I   0   1   9   9
48.50 49.00    IV   5   4   9   2
49.00 49.50     v   7   5   9   4
49.50 50.00    IV   5   4   9   2
50.00 50.50     I   0   1   9   9
50.50 51.00    IV   5   4   9   2
51.00 51.50     v   7   5   9   4
51.50 52.00    IV   5   4   9   2
52.00 52.50     I   0   1   9   9
52.50 53.00    IV   5   4   9   2
53.00 53.50     v   7   5   9   4
53.50 54.00    IV   5   4   9   2
54.00 54.50     I   0   1   9   9
54.50 55.00    IV   5   4   9   2
55.00 55.50     v   7   5   9   4
55.50 56.00    IV   5   4   9   2
56.00 56.50     I   0   1   9   9
56.50 57.00    IV   5   4   9   2
57.00 57.50     v   7   5   9   4
57.50 58.00    IV   5   4   9   2
58.00 58.50     I   0   1   9   9
58.50 59.00    IV   5   4   9   2
59.00 59.50     v   7   5   9   4
59.50 60.00    IV   5   4   9   2
60.00 60.50     I   0   1   9   9
60.50 61.00    IV   5   4   9   2
61.00 61.50     v   7   5   9   4
61.50 62.00    IV   5   4   9   2
62.00 62.50     I   0   1   9   9
62.50 63.00    IV   5   4   9   2
63.00 63.50     v   7   5   9   4
63.50 64.00    IV   5   4   9   2
64.00 64.50     I   0   1   9   9
64.50 65.00    IV   5   4   9   2
65.00 65.50     v   7   5   9   4
65.50 66.00    IV   5   4   9   2
66.00 66.50     I   0   1   9   9
66.50 67.00    IV   5   4   9   2
67.00 67.50     v   7   5   9   4
67.50 68.00    IV   5   4   9   2
68.00 68.50     I   0   1   9   9
68.50 69.00    IV   5   4   9   2
69.00 69.50     v   7   5   9   4
69.50 70.00    IV   5   4   9   2
70.00 70.50     I   0   1   9   9
70.50 71.00    IV   5   4   9   2
71.00 71.50     v   7   5   9   4
71.50 72.00    IV   5   4   9   2
72.00 72.50     I   0   1   9   9
72.50 73.00    IV   5   4   9   2
73.00 73.50     v   7   5   9   4
73.50 74.00    IV   5   4   9   2
74.00 74.50     I   0   1   9   9
74.50 75.00    IV   5   4   9   2
75.00 75.50     v   7   5   9   4
75.50 76.00    IV   5   4   9   2
76.00 76.50     I   0   1   9   9
76.50 77.00    IV   5   4   9   2
77.00 77.50     v   7   5   9   4
77.50 78.00    IV   5   4   9   2
78.00 78.50     I   0   1   9   9
78.50 79.00    IV   5   4   9   2
79.00 79.50     v   7   5   9   4
79.50 80.00    IV   5   4   9   2
80.00 80.50     I   0   1   9   9
80.50 81.00    IV   5   4   9   2
81.00 81.50     v   7   5   9   4
81.50 82.00    IV   5   4   9   2
82.00 83.00     I   0   1   9   9
---
