 0.00  8.00     V   7   5   2   9
 8.00 10.00     I   0   1   2   2
10.00 11.00    IV   5   4   2   7
11.00 12.00     V   7   5   2   9
12.00 14.00     I   0   1   2   2
14.00 15.00    IV   5   4   2   7
15.00 16.00     V   7   5   2   9
16.00 18.00     I   0   1   2   2
18.00 19.00    IV   5   4   2   7
19.00 20.00     V   7   5   2   9
20.00 22.00     I   0   1   2   2
22.00 23.00    IV   5   4   2   7
23.00 24.00     V   7   5   2   9
24.00 26.00     I   0   1   2   2
26.00 27.00    IV   5   4   2   7
27.00 28.00     V   7   5   2   9
28.00 30.00     I   0   1   2   2
30.00 31.00    IV   5   4   2   7
31.00 32.00     V   7   5   2   9
32.00 34.00     I   0   1   2   2
34.00 35.00    IV   5   4   2   7
35.00 36.00     V   7   5   2   9
36.00 38.00     I   0   1   2   2
38.00 39.00    IV   5   4   2   7
39.00 40.00     V   7   5   2   9
40.00 42.00     I   0   1   2   2
42.00 43.00    IV   5   4   2   7
43.00 44.00     V   7   5   2   9
44.00 46.00     I   0   1   2   2
46.00 47.00    IV   5   4   2   7
47.00 48.00     V   7   5   2   9
48.00 50.00     I   0   1   2   2
50.00 51.00    IV   5   4   2   7
51.00 52.00     V   7   5   2   9
52.00 54.00     I   0   1   2   2
54.00 55.00    IV   5   4   2   7
55.00 56.00     V   7   5   2   9
56.00 58.00     I   0   1   2   2
58.00 59.00    IV   5   4   2   7
59.00 68.00     V   7   5   2   9
68.00 70.00     I   0   1   2   2
70.00 71.00    IV   5   4   2   7
71.00 72.00     V   7   5   2   9
72.00 74.00     I   0   1   2   2
74.00 75.00    IV   5   4   2   7
75.00 76.00     V   7   5   2   9
76.00 78.00     I   0   1   2   2
78.00 79.00    IV   5   4   2   7
79.00 80.00     V   7   5   2   9
80.00 82.00     I   0   1   2   2
82.00 83.00    IV   5   4   2   7
83.00 84.00     V   7   5   2   9
84.00 86.00     I   0   1   2   2
86.00 87.00    IV   5   4   2   7
87.00 88.00     V   7   5   2   9
88.00 90.00     I   0   1   2   2
90.00 91.00    IV   5   4   2   7
91.00 92.00     V   7   5   2   9
92.00 94.00     I   0   1   2   2
94.00 95.00    IV   5   4   2   7
95.00 96.00     V   7   5   2   9
96.00 98.00     I   0   1   2   2
98.00 99.00    IV   5   4   2   7
99.00 100.00     V   7   5   2   9
100.00 102.00     I   0   1   2   2
102.00 103.00    IV   5   4   2   7
103.00 108.00     V   7   5   2   9
108.00 110.00     I   0   1   2   2
110.00 111.00    IV   5   4   2   7
111.00 114.00     I   0   1   2   2
114.00 115.00    IV   5   4   2   7
115.00 118.00     I   0   1   2   2
118.00 119.00    IV   5   4   2   7
119.00 122.00     I   0   1   2   2
122.00 123.00    IV   5   4   2   7
123.00 124.00     I   0   1   2   2
---
