 0.00  1.00     I   0   1   2   2
 1.00  2.00   ii7   2   2   2   4
 2.00  3.00    IV   5   4   2   7
 3.00  5.00     I   0   1   2   2
 5.00  6.00   ii7   2   2   2   4
 6.00  7.00    IV   5   4   2   7
 7.00  8.00     I   0   1   2   2
 8.00  9.00     V   7   5   2   9
 9.00 10.00    IV   5   4   2   7
10.00 12.00     I   0   1   2   2
12.00 13.00     V   7   5   2   9
13.00 14.00    IV   5   4   2   7
14.00 16.00     I   0   1   2   2
16.00 17.00    IV   5   4   2   7
17.00 18.00     I   0   1   2   2
18.00 19.00    IV   5   4   2   7
19.00 20.00     V   7   5   2   9
20.00 21.00    ii   2   2   2   4
21.00 22.00   iii   4   3   2   6
22.00 23.00    ii   2   2   2   4
23.00 24.00    I6   0   1   2   2
24.00 25.00    ii   2   2   2   4
25.00 26.00     V   7   5   2   9
26.00 27.00    ii   2   2   2   4
27.00 28.00     V   7   5   2   9
28.00 29.00    ii   2   2   2   4
29.00 30.00     V   7   5   2   9
30.00 32.00     I   0   1   2   2
32.00 33.00     V   7   5   2   9
33.00 34.00    IV   5   4   2   7
34.00 36.00     I   0   1   2   2
36.00 37.00     V   7   5   2   9
37.00 38.00    IV   5   4   2   7
38.00 40.00     I   0   1   2   2
40.00 41.00    IV   5   4   2   7
41.00 42.00     I   0   1   2   2
42.00 43.00    IV   5   4   2   7
43.00 44.00     V   7   5   2   9
44.00 45.00    ii   2   2   2   4
45.00 46.00   iii   4   3   2   6
46.00 47.00    ii   2   2   2   4
47.00 48.00    I6   0   1   2   2
48.00 49.00    ii   2   2   2   4
49.00 50.00     V   7   5   2   9
50.00 51.00    ii   2   2   2   4
51.00 52.00     V   7   5   2   9
52.00 53.00    ii   2   2   2   4
53.00 54.00     V   7   5   2   9
54.00 56.00     I   0   1   2   2
56.00 57.00     V   7   5   2   9
57.00 58.00    IV   5   4   2   7
58.00 60.00     I   0   1   2   2
60.00 61.00     V   7   5   2   9
61.00 62.00    IV   5   4   2   7
62.00 64.00     I   0   1   2   2
64.00 65.00    IV   5   4   2   7
65.00 66.00     I   0   1   2   2
66.00 67.00    IV   5   4   2   7
67.00 68.00     V   7   5   2   9
68.00 69.00    ii   2   2   2   4
69.00 70.00   iii   4   3   2   6
70.00 71.00    ii   2   2   2   4
71.00 72.00    I6   0   1   2   2
72.00 73.00    ii   2   2   2   4
73.00 74.00     V   7   5   2   9
74.00 75.00    ii   2   2   2   4
75.00 76.00     V   7   5   2   9
76.00 77.00    ii   2   2   2   4
77.00 78.00     V   7   5   2   9
78.00 80.00     I   0   1   2   2
80.00 81.00    ii   2   2   2   4
81.00 82.00     V   7   5   2   9
82.00 83.00     I   0   1   2   2
83.00 84.00    IV   5   4   2   7
84.00 85.00    ii   2   2   2   4
85.00 86.00    IV   5   4   2   7
86.00 88.00     I   0   1   2   2
88.00 89.00     V   7   5   2   9
89.00 90.00    IV   5   4   2   7
90.00 92.00     I   0   1   2   2
92.00 93.00     V   7   5   2   9
93.00 94.00    IV   5   4   2   7
94.00 96.00     I   0   1   2   2
96.00 97.00    IV   5   4   2   7
97.00 98.00     I   0   1   2   2
98.00 99.00    IV   5   4   2   7
99.00 100.00     V   7   5   2   9
100.00 101.00    ii   2   2   2   4
101.00 102.00   iii   4   3   2   6
102.00 103.00    ii   2   2   2   4
103.00 104.00    I6   0   1   2   2
104.00 105.00    ii   2   2   2   4
105.00 106.00     V   7   5   2   9
106.00 107.00    ii   2   2   2   4
107.00 108.00     V   7   5   2   9
108.00 109.00    ii   2   2   2   4
109.00 110.00     V   7   5   2   9
110.00 112.00     I   0   1   2   2
112.00 113.00    ii   2   2   2   4
113.00 114.00     V   7   5   2   9
114.00 115.00     I   0   1   2   2
115.00 116.00    IV   5   4   2   7
116.00 117.00    ii   2   2   2   4
117.00 118.00    IV   5   4   2   7
118.00 120.00     I   0   1   2   2
120.00 121.00    ii   2   2   2   4
121.00 122.00     V   7   5   2   9
122.00 123.00     I   0   1   2   2
123.00 124.00    IV   5   4   2   7
124.00 125.00    ii   2   2   2   4
125.00 126.00    IV   5   4   2   7
126.00 127.00     I   0   1   2   2
127.00 128.00   ii7   2   2   2   4
128.00 129.00    IV   5   4   2   7
129.00 131.00     I   0   1   2   2
131.00 132.00   ii7   2   2   2   4
132.00 133.00    IV   5   4   2   7
133.00 135.00     I   0   1   2   2
135.00 136.00   ii7   2   2   2   4
136.00 137.00    IV   5   4   2   7
137.00 139.00     I   0   1   2   2
139.00 140.00   ii7   2   2   2   4
140.00 141.00    IV   5   4   2   7
141.00 143.00     I   0   1   2   2
143.00 144.00   ii7   2   2   2   4
144.00 145.00    IV   5   4   2   7
145.00 147.00     I   0   1   2   2
147.00 148.00   ii7   2   2   2   4
148.00 149.00    IV   5   4   2   7
149.00 151.00     I   0   1   2   2
151.00 152.00   ii7   2   2   2   4
152.00 153.00    IV   5   4   2   7
153.00 155.00     I   0   1   2   2
155.00 156.00   ii7   2   2   2   4
156.00 157.00    IV   5   4   2   7
157.00 159.00     I   0   1   2   2
159.00 160.00   ii7   2   2   2   4
160.00 161.00    IV   5   4   2   7
161.00 163.00     I   0   1   2   2
163.00 164.00   ii7   2   2   2   4
164.00 165.00    IV   5   4   2   7
165.00 166.00     I   0   1   2   2
---
