 0.00  8.00     I   0   1  10  10
 8.00 10.00    IV   5   4  10   3
10.00 12.00     I   0   1  10  10
12.00 14.00     V   7   5  10   5
14.00 32.00     I   0   1  10  10
32.00 34.00    IV   5   4  10   3
34.00 36.00     I   0   1  10  10
36.00 38.00     V   7   5  10   5
38.00 56.00     I   0   1  10  10
56.00 58.00    IV   5   4  10   3
58.00 60.00     I   0   1  10  10
60.00 62.00     V   7   5  10   5
62.00 68.00     I   0   1  10  10
68.00 70.00    IV   5   4  10   3
70.00 72.00     I   0   1  10  10
72.00 74.00     V   7   5  10   5
74.00 80.00     I   0   1  10  10
80.00 82.00    IV   5   4  10   3
82.00 84.00     I   0   1  10  10
84.00 86.00     V   7   5  10   5
86.00 92.00     I   0   1  10  10
92.00 94.00    IV   5   4  10   3
94.00 96.00     I   0   1  10  10
96.00 98.00     V   7   5  10   5
98.00 116.00     I   0   1  10  10
116.00 118.00    IV   5   4  10   3
118.00 120.00     I   0   1  10  10
120.00 122.00     V   7   5  10   5
122.00 128.00     I   0   1  10  10
---
