 0.00  0.50     I   0   1   7   7
 0.50  1.00    IV   5   4   7   0
 1.00  5.00     I   0   1   7   7
 5.00  9.00     V   7   5   7   2
 9.00 13.00     I   0   1   7   7
13.00 15.00    IV   5   4   7   0
15.00 16.00     I   0   1   7   7
16.00 18.00     V   7   5   7   2
18.00 19.00    IV   5   4   7   0
19.00 20.00     I   0   1   7   7
20.00 21.00     V   7   5   7   2
21.00 22.00     I   0   1   7   7
22.00 23.00    IV   5   4   7   0
23.00 24.00     I   0   1   7   7
24.00 27.00     V   7   5   7   2
27.00 28.00     I   0   1   7   7
28.00 32.00     I   0   1   9   9
32.00 36.00     V   7   5   9   4
36.00 40.00     I   0   1   9   9
40.00 42.00    IV   5   4   9   2
42.00 43.00     I   0   1   9   9
43.00 45.00     V   7   5   9   4
45.00 46.00    IV   5   4   9   2
46.00 47.00     I   0   1   9   9
47.00 48.00     V   7   5   9   4
48.00 49.00     I   0   1   9   9
49.00 50.00    IV   5   4   9   2
50.00 51.00     I   0   1   9   9
51.00 54.00     V   7   5   9   4
54.00 58.00     I   0   1   9   9
58.00 62.00     V   7   5   9   4
62.00 66.00     I   0   1   9   9
66.00 70.00     V   7   5   9   4
70.00 74.00     I   0   1   9   9
74.00 78.00     V   7   5   9   4
78.00 82.00     I   0   1   9   9
82.00 86.00     V   7   5   9   4
86.00 90.00     I   0   1   9   9
90.00 94.00     V   7   5   9   4
94.00 98.00     I   0   1   9   9
98.00 102.00     V   7   5   9   4
102.00 103.00     I   0   1   9   9
---
