 0.00  1.00     I   0   1   2   2
 1.00  2.00     V   7   5   2   9
 2.00  3.00     I   0   1   2   2
 3.00  4.00     V   7   5   2   9
 4.00  5.00    IV   5   4   2   7
 5.00  6.00     V   7   5   2   9
 6.00  7.00     I   0   1   2   2
 7.00  8.00    IV   5   4   2   7
 8.00  9.00     I   0   1   2   2
 9.00 10.00    IV   5   4   2   7
10.00 12.00     V   7   5   2   9
12.00 13.00    IV   5   4   2   7
13.00 14.00     V   7   5   2   9
14.00 15.00     I   0   1   2   2
15.00 16.00    IV   5   4   2   7
16.00 17.00     I   0   1   2   2
17.00 18.00    IV   5   4   2   7
18.00 19.00     V   7   5   2   9
19.00 21.00     I   0   1   2   2
21.00 22.00    IV   5   4   2   7
22.00 23.00     V   7   5   2   9
23.00 24.00     I   0   1   2   2
24.00 25.00    IV   5   4   2   7
25.00 26.00     I   0   1   2   2
26.00 27.00    IV   5   4   2   7
27.00 28.00     I   0   1   2   2
28.00 29.00    IV   5   4   2   7
29.00 30.00     I   0   1   2   2
30.00 31.00    IV   5   4   2   7
31.00 32.00     I   0   1   2   2
32.00 33.00    IV   5   4   2   7
33.00 35.00     V   7   5   2   9
35.00 36.00    IV   5   4   2   7
36.00 37.00     V   7   5   2   9
37.00 38.00     I   0   1   2   2
38.00 39.00    IV   5   4   2   7
39.00 40.00     I   0   1   2   2
40.00 41.00    IV   5   4   2   7
41.00 42.00     I   0   1   2   2
42.00 44.00    IV   5   4   2   7
44.00 46.00     V   7   5   2   9
46.00 47.00    IV   5   4   2   7
47.00 48.00     V   7   5   2   9
48.00 49.00     I   0   1   2   2
49.00 50.00    IV   5   4   2   7
50.00 51.00     I   0   1   2   2
51.00 52.00    IV   5   4   2   7
52.00 54.00     V   7   5   2   9
54.00 55.00    IV   5   4   2   7
55.00 56.00     V   7   5   2   9
56.00 57.00     I   0   1   2   2
57.00 58.00    IV   5   4   2   7
58.00 59.00     I   0   1   2   2
59.00 60.00    IV   5   4   2   7
60.00 61.00     V   7   5   2   9
61.00 62.00     I   0   1   2   2
62.00 63.00     V   7   5   2   9
63.00 64.00     I   0   1   2   2
64.00 65.00     V   7   5   2   9
65.00 66.00     I   0   1   2   2
66.00 67.00     V   7   5   2   9
67.00 68.00     I   0   1   2   2
68.00 69.00     V   7   5   2   9
69.00 70.00     I   0   1   2   2
70.00 71.00     V   7   5   2   9
71.00 72.00     I   0   1   2   2
72.00 73.00     V   7   5   2   9
---
