 0.00  5.00     I   0   1   0   0
 5.00  6.00    IV   5   4   0   5
 6.00  7.00     I   0   1   0   0
 7.00  8.00    IV   5   4   0   5
 8.00  9.00     I   0   1   0   0
 9.00 10.00    IV   5   4   0   5
10.00 11.00     I   0   1   0   0
11.00 12.00    IV   5   4   0   5
12.00 12.50     I   0   1   0   0
12.50 13.00    ii   2   2   0   2
13.00 13.50    IV   5   4   0   5
13.50 14.00     V   7   5   0   7
14.00 14.50     I   0   1   0   0
14.50 15.00    ii   2   2   0   2
15.00 15.50    IV   5   4   0   5
15.50 16.00     V   7   5   0   7
16.00 18.00     I   0   1   0   0
18.00 19.00    ii   2   2   0   2
19.00 20.00     V   7   5   0   7
20.00 21.00     I   0   1   0   0
21.00 22.00    IV   5   4   0   5
22.00 23.00     I   0   1   0   0
23.00 24.00    IV   5   4   0   5
24.00 25.00     I   0   1   0   0
25.00 26.00    IV   5   4   0   5
26.00 27.00     I   0   1   0   0
27.00 28.00    IV   5   4   0   5
28.00 28.50     I   0   1   0   0
28.50 29.00    ii   2   2   0   2
29.00 29.50    IV   5   4   0   5
29.50 30.00     V   7   5   0   7
30.00 30.50     I   0   1   0   0
30.50 31.00    ii   2   2   0   2
31.00 31.50    IV   5   4   0   5
31.50 32.00     V   7   5   0   7
32.00 34.00     I   0   1   0   0
34.00 35.00    ii   2   2   0   2
35.00 36.00     V   7   5   0   7
36.00 41.00     I   0   1   0   0
41.00 42.00    IV   5   4   0   5
42.00 43.00     I   0   1   0   0
43.00 44.00    IV   5   4   0   5
44.00 45.00    ii   2   2   0   2
45.00 46.00     V   7   5   0   7
46.00 47.00   iii   4   3   0   4
47.00 48.00     V   7   5   2   9
48.00 49.00     I   0   1   2   2
49.00 50.00    IV   5   4   2   7
50.00 51.00     I   0   1   2   2
51.00 52.00    IV   5   4   2   7
52.00 53.00     I   0   1   2   2
53.00 54.00    IV   5   4   2   7
54.00 55.00     I   0   1   2   2
55.00 56.00    IV   5   4   2   7
56.00 56.50     I   0   1   2   2
56.50 57.00    ii   2   2   2   4
57.00 57.50    IV   5   4   2   7
57.50 58.00     V   7   5   2   9
58.00 58.50     I   0   1   2   2
58.50 59.00    ii   2   2   2   4
59.00 59.50    IV   5   4   2   7
59.50 60.00     V   7   5   2   9
60.00 62.00     I   0   1   2   2
62.00 63.00    ii   2   2   2   4
63.00 64.00     V   7   5   2   9
64.00 66.00     I   0   1   2   2
66.00 67.00    ii   2   2   2   4
67.00 68.00     V   7   5   2   9
68.00 70.00     I   0   1   2   2
70.00 71.00    ii   2   2   2   4
71.00 72.00     V   7   5   2   9
72.00 74.00     I   0   1   2   2
74.00 75.00    ii   2   2   2   4
75.00 76.00     V   7   5   2   9
---
