 0.00  1.00     I   0   1   7   7
 1.00  2.00  bVII  10   7   7   5
 2.00  3.00     I   0   1   7   7
 3.00  4.00  bVII  10   7   7   5
 4.00  7.00     I   0   1   7   7
 7.00  8.00  bVII  10   7   7   5
 8.00 11.00     I   0   1   7   7
11.00 12.00  bVII  10   7   7   5
12.00 15.00     I   0   1   7   7
15.00 16.00  bVII  10   7   7   5
16.00 19.00     I   0   1   7   7
19.00 20.00  bVII  10   7   7   5
20.00 27.00     I   0   1   7   7
27.00 28.00  bVII  10   7   7   5
28.00 31.00     I   0   1   7   7
31.00 32.00  bVII  10   7   7   5
32.00 35.00     I   0   1   7   7
35.00 36.00  bVII  10   7   7   5
36.00 39.00     I   0   1   7   7
39.00 40.00  bVII  10   7   7   5
40.00 47.00     I   0   1   7   7
47.00 48.00  bVII  10   7   7   5
48.00 51.00     I   0   1   7   7
51.00 52.00  bVII  10   7   7   5
52.00 55.00     I   0   1   7   7
55.00 56.00  bVII  10   7   7   5
56.00 59.00     I   0   1   7   7
59.00 60.00  bVII  10   7   7   5
60.00 64.00     I   0   1   7   7
64.00 67.00     I   0   1   9   9
67.00 68.00  bVII  10   7   9   7
68.00 71.00     I   0   1   9   9
71.00 72.00  bVII  10   7   9   7
72.00 75.00     I   0   1   9   9
75.00 76.00  bVII  10   7   9   7
76.00 79.00     I   0   1   9   9
79.00 80.00  bVII  10   7   9   7
80.00 81.00     I   0   1   9   9
81.00 82.00  bVII  10   7   9   7
82.00 83.00     I   0   1   9   9
83.00 84.00  bVII  10   7   9   7
84.00 85.00     I   0   1   9   9
85.00 86.00  bVII  10   7   9   7
86.00 87.00     I   0   1   9   9
87.00 88.00  bVII  10   7   9   7
88.00 89.00     I   0   1  10  10
89.00 90.00  bVII  10   7  10   8
90.00 91.00     I   0   1  10  10
91.00 92.00  bVII  10   7  10   8
92.00 95.00     I   0   1  10  10
95.00 96.00  bVII  10   7  10   8
96.00 99.00     I   0   1  10  10
99.00 100.00  bVII  10   7  10   8
100.00 103.00     I   0   1  10  10
103.00 104.00  bVII  10   7  10   8
104.00 107.00     I   0   1  10  10
107.00 108.00  bVII  10   7  10   8
108.00 109.00     I   0   1  10  10
109.00 110.00  bVII  10   7  10   8
110.00 111.00     I   0   1  10  10
111.00 112.00  bVII  10   7  10   8
112.00 113.00     I   0   1  10  10
113.00 114.00  bVII  10   7  10   8
114.00 115.00     I   0   1  10  10
115.00 116.00  bVII  10   7  10   8
116.00 117.00     I   0   1   0   0
117.00 118.00  ii65   2   2   0   2
118.00 119.00     I   0   1   0   0
119.00 120.00  ii65   2   2   0   2
120.00 121.00     I   0   1   0   0
121.00 122.00  ii65   2   2   0   2
122.00 123.00     I   0   1   0   0
123.00 124.00  ii65   2   2   0   2
124.00 125.00     I   0   1   0   0
125.00 126.00  ii65   2   2   0   2
126.00 127.00     I   0   1   0   0
127.00 128.00  ii65   2   2   0   2
128.00 129.00     I   0   1   0   0
129.00 130.00  ii65   2   2   0   2
130.00 131.00     I   0   1   0   0
131.00 132.00  ii65   2   2   0   2
132.00 133.00     I   0   1   0   0
133.00 134.00  ii65   2   2   0   2
134.00 135.00     I   0   1   0   0
135.00 136.00  ii65   2   2   0   2
136.00 137.00     I   0   1   0   0
137.00 138.00  ii65   2   2   0   2
138.00 139.00     I   0   1   0   0
139.00 140.00  ii65   2   2   0   2
140.00 141.00     I   0   1   0   0
141.00 142.00  ii65   2   2   0   2
142.00 143.00     I   0   1   0   0
143.00 144.00  ii65   2   2   0   2
144.00 145.00     I   0   1   0   0
145.00 146.00  ii65   2   2   0   2
146.00 147.00     I   0   1   0   0
147.00 148.00  ii65   2   2   0   2
148.00 149.00     I   0   1   0   0
149.00 150.00  ii65   2   2   0   2
150.00 151.00     I   0   1   0   0
151.00 152.00  ii65   2   2   0   2
152.00 153.00     I   0   1   0   0
---
