 0.00  0.50     I   0   1   0   0
 0.50  1.00    V6   7   5   0   7
 1.00  1.50    vi   9   6   0   9
 1.50  2.00    IV   5   4   0   5
 2.00  2.50     I   0   1   0   0
 2.50  3.00    IV   5   4   0   5
 3.00  3.50     I   0   1   0   0
 3.50  4.00     V   7   5   0   7
 4.00  4.50     I   0   1   0   0
 4.50  5.00    V6   7   5   0   7
 5.00  5.50    vi   9   6   0   9
 5.50  6.00    IV   5   4   0   5
 6.00  6.50     I   0   1   0   0
 6.50  7.00    IV   5   4   0   5
 7.00  7.50     I   0   1   0   0
 7.50  8.00     V   7   5   0   7
 8.00  8.50     I   0   1   0   0
 8.50  9.00    V6   7   5   0   7
 9.00  9.50    vi   9   6   0   9
 9.50 10.00    IV   5   4   0   5
10.00 10.50     I   0   1   0   0
10.50 11.00    IV   5   4   0   5
11.00 11.50     I   0   1   0   0
11.50 12.00     V   7   5   0   7
12.00 12.50     I   0   1   0   0
12.50 13.00    V6   7   5   0   7
13.00 13.50    vi   9   6   0   9
13.50 14.00    IV   5   4   0   5
14.00 14.50     I   0   1   0   0
14.50 15.00    V6   7   5   0   7
15.00 15.50    vi   9   6   0   9
15.50 16.00    IV   5   4   0   5
16.00 16.50     I   0   1   0   0
16.50 17.00    V6   7   5   0   7
17.00 17.50    vi   9   6   0   9
17.50 18.00    IV   5   4   0   5
18.00 18.50     I   0   1   0   0
18.50 19.00    V6   7   5   0   7
19.00 19.50    vi   9   6   0   9
19.50 20.00    IV   5   4   0   5
20.00 20.50     I   0   1   0   0
20.50 21.00    V6   7   5   0   7
21.00 21.50    vi   9   6   0   9
21.50 22.00    IV   5   4   0   5
22.00 22.50     I   0   1   0   0
22.50 23.00    V6   7   5   0   7
23.00 23.50    vi   9   6   0   9
23.50 24.00    IV   5   4   0   5
24.00 24.50     I   0   1   0   0
24.50 25.00    V6   7   5   0   7
25.00 25.50    vi   9   6   0   9
25.50 26.00    IV   5   4   0   5
26.00 26.50     I   0   1   0   0
26.50 27.00    V6   7   5   0   7
27.00 27.50    vi   9   6   0   9
27.50 28.00    IV   5   4   0   5
28.00 28.50     I   0   1   0   0
28.50 29.00    V6   7   5   0   7
29.00 29.50    vi   9   6   0   9
29.50 30.00    IV   5   4   0   5
30.00 30.50     I   0   1   0   0
30.50 31.00    IV   5   4   0   5
31.00 31.50     I   0   1   0   0
31.50 32.00     V   7   5   0   7
32.00 32.50     I   0   1   0   0
32.50 33.00    V6   7   5   0   7
33.00 33.50    vi   9   6   0   9
33.50 34.00    IV   5   4   0   5
34.00 34.50     I   0   1   0   0
34.50 35.00    IV   5   4   0   5
35.00 35.50     I   0   1   0   0
35.50 36.00     V   7   5   0   7
36.00 36.50     I   0   1   0   0
36.50 37.00    V6   7   5   0   7
37.00 37.50    vi   9   6   0   9
37.50 38.00    IV   5   4   0   5
38.00 38.50     I   0   1   0   0
38.50 39.00    V6   7   5   0   7
39.00 39.50    vi   9   6   0   9
39.50 40.00    IV   5   4   0   5
40.00 40.50     I   0   1   0   0
40.50 41.00    V6   7   5   0   7
41.00 41.50    vi   9   6   0   9
41.50 42.00    IV   5   4   0   5
42.00 42.50     I   0   1   0   0
42.50 43.00    V6   7   5   0   7
43.00 43.50    vi   9   6   0   9
43.50 44.00    IV   5   4   0   5
44.00 44.50     I   0   1   0   0
44.50 45.00    V6   7   5   0   7
45.00 45.50    vi   9   6   0   9
45.50 46.00    IV   5   4   0   5
46.00 46.50     I   0   1   0   0
46.50 47.00    V6   7   5   0   7
47.00 47.50    vi   9   6   0   9
47.50 48.00    IV   5   4   0   5
48.00 48.50     I   0   1   0   0
48.50 49.00    V6   7   5   0   7
49.00 49.50    vi   9   6   0   9
49.50 50.00    IV   5   4   0   5
50.00 50.50     I   0   1   0   0
50.50 51.00    V6   7   5   0   7
51.00 51.50    vi   9   6   0   9
51.50 52.00    IV   5   4   0   5
52.00 52.50     I   0   1   0   0
52.50 53.00    V6   7   5   0   7
53.00 53.50    vi   9   6   0   9
53.50 54.00    IV   5   4   0   5
54.00 54.50     I   0   1   0   0
54.50 55.00    V6   7   5   0   7
55.00 55.50    vi   9   6   0   9
55.50 56.00    IV   5   4   0   5
56.00 56.50     I   0   1   0   0
56.50 57.00    V6   7   5   0   7
57.00 57.50    vi   9   6   0   9
57.50 58.00    IV   5   4   0   5
58.00 58.50     I   0   1   0   0
58.50 59.00    V6   7   5   0   7
59.00 59.50    vi   9   6   0   9
59.50 60.00    IV   5   4   0   5
60.00 60.50     I   0   1   0   0
60.50 61.00    V6   7   5   0   7
61.00 61.50    vi   9   6   0   9
61.50 62.00    IV   5   4   0   5
62.00 62.50     I   0   1   0   0
62.50 63.00    IV   5   4   0   5
63.00 63.50     I   0   1   0   0
63.50 64.00     V   7   5   0   7
64.00 64.50     I   0   1   0   0
64.50 65.00    V6   7   5   0   7
65.00 65.50    vi   9   6   0   9
65.50 66.00    IV   5   4   0   5
66.00 66.50     I   0   1   0   0
66.50 67.00    IV   5   4   0   5
67.00 67.50     I   0   1   0   0
67.50 68.00     V   7   5   0   7
68.00 68.50     I   0   1   0   0
68.50 69.00    V6   7   5   0   7
69.00 69.50    vi   9   6   0   9
69.50 70.00    IV   5   4   0   5
70.00 70.50     I   0   1   0   0
70.50 71.00    IV   5   4   0   5
71.00 71.50     I   0   1   0   0
71.50 72.00     V   7   5   0   7
72.00 72.50     I   0   1   0   0
72.50 73.00    V6   7   5   0   7
73.00 73.50    vi   9   6   0   9
73.50 74.00    IV   5   4   0   5
74.00 74.50     I   0   1   0   0
74.50 75.00    IV   5   4   0   5
75.00 75.50     I   0   1   0   0
75.50 76.00     V   7   5   0   7
76.00 76.50     I   0   1   0   0
76.50 77.00    V6   7   5   0   7
77.00 77.50    vi   9   6   0   9
77.50 78.00    IV   5   4   0   5
78.00 78.50     I   0   1   0   0
78.50 79.00    IV   5   4   0   5
79.00 79.50     I   0   1   0   0
79.50 80.00     V   7   5   0   7
80.00 80.50     I   0   1   0   0
80.50 81.00    V6   7   5   0   7
81.00 81.50    vi   9   6   0   9
81.50 82.00    IV   5   4   0   5
82.00 82.50     I   0   1   0   0
82.50 83.00    IV   5   4   0   5
83.00 83.50     I   0   1   0   0
83.50 84.00     V   7   5   0   7
---
