 0.00  2.50     I   0   1   4   4
 2.50  3.00     v   7   5   4  11
 3.00  6.50     I   0   1   4   4
 6.50  7.00     v   7   5   4  11
 7.00 10.50     I   0   1   4   4
10.50 11.00     v   7   5   4  11
11.00 14.50     I   0   1   4   4
14.50 15.00     v   7   5   4  11
15.00 18.00     I   0   1   4   4
18.00 20.00    IV   5   4   4   9
20.00 22.00     i   0   1   4   4
22.00 23.00   ii7   2   2   4   6
23.00 24.00     V   7   5   4  11
24.00 26.50     I   0   1   4   4
26.50 27.00     v   7   5   4  11
27.00 30.50     I   0   1   4   4
30.50 31.00     v   7   5   4  11
31.00 34.50     I   0   1   4   4
34.50 35.00     v   7   5   4  11
35.00 38.50     I   0   1   4   4
38.50 39.00     v   7   5   4  11
39.00 42.00     I   0   1   4   4
42.00 44.00    IV   5   4   4   9
44.00 46.00     i   0   1   4   4
46.00 47.00   ii7   2   2   4   6
47.00 48.00     V   7   5   4  11
48.00 50.50     I   0   1   4   4
50.50 51.00     v   7   5   4  11
51.00 54.50     I   0   1   4   4
54.50 55.00     v   7   5   4  11
55.00 58.50     I   0   1   4   4
58.50 59.00     v   7   5   4  11
59.00 60.00     I   0   1   4   4
---
