 0.00  0.50     I   0   1   4   4
 0.50  1.50    IV   5   4   4   9
 1.50  2.50     I   0   1   4   4
 2.50  3.50    IV   5   4   4   9
 3.50  4.50     I   0   1   4   4
 4.50  5.50    IV   5   4   4   9
 5.50  6.50     I   0   1   4   4
 6.50  7.50    IV   5   4   4   9
 7.50  9.50     I   0   1   4   4
 9.50 10.50    IV   5   4   4   9
10.50 11.00  bVII  10   7   4   2
11.00 12.00    IV   5   4   4   9
12.00 14.50     I   0   1   4   4
14.50 15.00    IV   5   4   4   9
15.00 17.50     I   0   1   4   4
17.50 18.50    IV   5   4   4   9
18.50 19.00  bVII  10   7   4   2
19.00 20.00    IV   5   4   4   9
20.00 22.50     I   0   1   4   4
22.50 23.00    IV   5   4   4   9
23.00 26.50     I   0   1   4   4
26.50 27.50    IV   5   4   4   9
27.50 28.50     I   0   1   4   4
28.50 29.50    IV   5   4   4   9
29.50 30.50     I   0   1   4   4
30.50 31.50    IV   5   4   4   9
31.50 32.50     I   0   1   4   4
32.50 33.50    IV   5   4   4   9
33.50 35.50     I   0   1   4   4
35.50 36.50    IV   5   4   4   9
36.50 37.00  bVII  10   7   4   2
37.00 38.00    IV   5   4   4   9
38.00 40.50     I   0   1   4   4
40.50 41.00    IV   5   4   4   9
41.00 43.50     I   0   1   4   4
43.50 44.50    IV   5   4   4   9
44.50 45.00  bVII  10   7   4   2
45.00 46.00    IV   5   4   4   9
46.00 48.50     I   0   1   4   4
48.50 49.00    IV   5   4   4   9
49.00 52.50     I   0   1   4   4
52.50 53.50    IV   5   4   4   9
53.50 54.50     I   0   1   4   4
54.50 55.50    IV   5   4   4   9
55.50 56.50     I   0   1   4   4
56.50 57.50    IV   5   4   4   9
57.50 58.50     I   0   1   4   4
58.50 59.50    IV   5   4   4   9
59.50 60.00     I   0   1   4   4
60.00 60.50    IV   5   4   4   9
60.50 61.00  bVII  10   7   4   2
61.00 62.50    IV   5   4   4   9
62.50 63.00  bVII  10   7   4   2
63.00 64.00    IV   5   4   4   9
64.00 64.50     I   0   1   4   4
64.50 65.00    IV   5   4   4   9
65.00 66.50     I   0   1   4   4
66.50 67.00    IV   5   4   4   9
67.00 68.00     I   0   1   4   4
68.00 68.50    IV   5   4   4   9
68.50 69.00  bVII  10   7   4   2
69.00 70.50    IV   5   4   4   9
70.50 71.00  bVII  10   7   4   2
71.00 72.00    IV   5   4   4   9
72.00 72.50     I   0   1   4   4
72.50 73.00    IV   5   4   4   9
73.00 74.50     I   0   1   4   4
74.50 75.50    IV   5   4   4   9
75.50 76.50     I   0   1   4   4
76.50 77.50    IV   5   4   4   9
77.50 78.50     I   0   1   4   4
78.50 79.50    IV   5   4   4   9
79.50 80.50     I   0   1   4   4
80.50 81.50    IV   5   4   4   9
81.50 83.50     I   0   1   4   4
83.50 84.50    IV   5   4   4   9
84.50 85.00  bVII  10   7   4   2
85.00 86.00    IV   5   4   4   9
86.00 88.50     I   0   1   4   4
88.50 89.00    IV   5   4   4   9
89.00 91.50     I   0   1   4   4
91.50 92.50    IV   5   4   4   9
92.50 93.00  bVII  10   7   4   2
93.00 94.00    IV   5   4   4   9
94.00 96.50     I   0   1   4   4
96.50 97.00    IV   5   4   4   9
97.00 100.50     I   0   1   4   4
100.50 101.50    IV   5   4   4   9
101.50 102.50     I   0   1   4   4
102.50 103.50    IV   5   4   4   9
103.50 104.50     I   0   1   4   4
104.50 105.50    IV   5   4   4   9
105.50 106.50     I   0   1   4   4
106.50 107.50    IV   5   4   4   9
107.50 108.50     I   0   1   4   4
108.50 109.50    IV   5   4   4   9
109.50 110.00     I   0   1   4   4
---
