 0.00  3.00     I   0   1   5   5
 3.00  4.00    V6   7   5   5   0
 4.00  5.00   vi7   9   6   5   2
 5.00  5.50     I   0   1   5   5
 5.50  6.00   V11   7   5   5   0
 6.00  7.00     I   0   1   5   5
 7.00  8.00    V6   7   5   5   0
 8.00  9.00   vi7   9   6   5   2
 9.00  9.50     I   0   1   5   5
 9.50 10.00   V11   7   5   5   0
10.00 11.00     I   0   1   5   5
11.00 12.00    V6   7   5   5   0
12.00 13.00   vi7   9   6   5   2
13.00 13.50     I   0   1   5   5
13.50 14.00   V11   7   5   5   0
14.00 15.00     I   0   1   5   5
15.00 16.00    V6   7   5   5   0
16.00 17.00   vi7   9   6   5   2
17.00 18.00 V7/vi   4   3   5   9
18.00 18.50  bVII  10   7   5   3
18.50 19.00    IV   5   4   5  10
19.00 19.50  bVII  10   7   5   3
19.50 20.00    IV   5   4   5  10
20.00 22.00     V   7   5   5   0
22.00 23.00     I   0   1   5   5
23.00 24.00    V6   7   5   5   0
24.00 25.00   vi7   9   6   5   2
25.00 25.50     I   0   1   5   5
25.50 26.00   V11   7   5   5   0
26.00 27.00     I   0   1   5   5
27.00 28.00    V6   7   5   5   0
28.00 29.00   vi7   9   6   5   2
29.00 30.00    IV   5   4   5  10
30.00 31.00     I   0   1   5   5
31.00 32.00    V6   7   5   5   0
32.00 33.00   vi7   9   6   5   2
33.00 33.50     I   0   1   5   5
33.50 34.00   V11   7   5   5   0
34.00 35.00     I   0   1   5   5
35.00 36.00    V6   7   5   5   0
36.00 37.00   vi7   9   6   5   2
37.00 38.00 V7/vi   4   3   5   9
38.00 38.50  bVII  10   7   5   3
38.50 39.00    IV   5   4   5  10
39.00 39.50    vi   9   6   5   2
39.50 42.00     V   7   5   5   0
42.00 43.00     I   0   1   5   5
43.00 44.00    V6   7   5   5   0
44.00 45.00   vi7   9   6   5   2
45.00 45.50     I   0   1   5   5
45.50 46.00   V11   7   5   5   0
46.00 47.00     I   0   1   5   5
47.00 48.00    V6   7   5   5   0
48.00 49.00   vi7   9   6   5   2
49.00 49.50     I   0   1   5   5
49.50 50.00   V11   7   5   5   0
50.00 51.00     I   0   1   5   5
51.00 52.00    V6   7   5   5   0
52.00 53.00   vi7   9   6   5   2
53.00 53.50     I   0   1   5   5
53.50 54.00   V11   7   5   5   0
54.00 55.00     I   0   1   5   5
55.00 56.00    V6   7   5   5   0
56.00 57.00   vi7   9   6   5   2
57.00 58.00 V7/vi   4   3   5   9
58.00 58.50  bVII  10   7   5   3
58.50 59.00    IV   5   4   5  10
59.00 59.50    vi   9   6   5   2
59.50 61.00     V   7   5   5   0
61.00 61.50  bVII  10   7   5   3
61.50 62.00    IV   5   4   5  10
62.00 62.50    vi   9   6   5   2
62.50 64.00     V   7   5   5   0
64.00 64.50  bVII  10   7   5   3
64.50 65.00    IV   5   4   5  10
65.00 65.50    vi   9   6   5   2
65.50 67.00     V   7   5   5   0
67.00 67.50  bVII  10   7   5   3
67.50 68.00    IV   5   4   5  10
68.00 68.50    vi   9   6   5   2
68.50 70.00     V   7   5   5   0
70.00 70.50  bVII  10   7   5   3
70.50 71.00    IV   5   4   5  10
71.00 71.50    vi   9   6   5   2
71.50 73.00     V   7   5   5   0
73.00 73.50  bVII  10   7   5   3
73.50 74.00    IV   5   4   5  10
74.00 74.50    vi   9   6   5   2
74.50 76.00     V   7   5   5   0
---
