 0.00  0.50     i   0   1  11  11
 0.50  1.50     v   7   5  11   6
 1.50  2.50     i   0   1  11  11
 2.50  3.50     v   7   5  11   6
 3.50  4.50     i   0   1  11  11
 4.50  5.50     v   7   5  11   6
 5.50  6.50     i   0   1  11  11
 6.50  7.50     v   7   5  11   6
 7.50  8.50     i   0   1  11  11
 8.50  9.50     v   7   5  11   6
 9.50 10.50     i   0   1  11  11
10.50 11.50     v   7   5  11   6
11.50 12.50     i   0   1  11  11
12.50 13.50     v   7   5  11   6
13.50 14.50     i   0   1  11  11
14.50 15.50     v   7   5  11   6
15.50 16.50     i   0   1  11  11
16.50 17.50     v   7   5  11   6
17.50 18.50     i   0   1  11  11
18.50 19.50     v   7   5  11   6
19.50 20.50     i   0   1  11  11
20.50 21.50     v   7   5  11   6
21.50 22.50     i   0   1  11  11
22.50 23.50     v   7   5  11   6
23.50 24.50     i   0   1  11  11
24.50 25.50     v   7   5  11   6
25.50 26.50     i   0   1  11  11
26.50 27.50     v   7   5  11   6
27.50 28.50     i   0   1  11  11
28.50 29.50     v   7   5  11   6
29.50 30.50     i   0   1  11  11
30.50 31.50     v   7   5  11   6
31.50 32.50     i   0   1  11  11
32.50 33.50     v   7   5  11   6
33.50 34.50     i   0   1  11  11
34.50 35.50     v   7   5  11   6
35.50 36.50     i   0   1  11  11
36.50 37.50     v   7   5  11   6
37.50 38.50     i   0   1  11  11
38.50 39.50     v   7   5  11   6
39.50 40.50     i   0   1  11  11
40.50 41.50     v   7   5  11   6
41.50 42.50     i   0   1  11  11
42.50 43.50     v   7   5  11   6
43.50 44.50     i   0   1  11  11
44.50 45.50     v   7   5  11   6
45.50 46.50     i   0   1  11  11
46.50 47.50     v   7   5  11   6
47.50 48.50     i   0   1  11  11
48.50 49.50     v   7   5  11   6
49.50 50.50     i   0   1  11  11
50.50 51.50     v   7   5  11   6
51.50 52.50     i   0   1  11  11
52.50 53.50     v   7   5  11   6
53.50 54.50     i   0   1  11  11
54.50 55.50     v   7   5  11   6
55.50 56.50     i   0   1  11  11
56.50 57.50     v   7   5  11   6
57.50 58.50     i   0   1  11  11
58.50 59.50     v   7   5  11   6
59.50 60.50     i   0   1  11  11
60.50 61.50     v   7   5  11   6
61.50 62.50     i   0   1  11  11
62.50 63.50     v   7   5  11   6
63.50 64.50     i   0   1  11  11
64.50 65.50     v   7   5  11   6
65.50 66.50     i   0   1  11  11
66.50 67.50     v   7   5  11   6
67.50 68.50     i   0   1  11  11
68.50 69.50     v   7   5  11   6
69.50 70.50     i   0   1  11  11
70.50 71.50     v   7   5  11   6
71.50 72.50     i   0   1  11  11
72.50 73.50     v   7   5  11   6
73.50 74.50     i   0   1  11  11
74.50 75.50     v   7   5  11   6
75.50 76.50     i   0   1  11  11
76.50 77.50     v   7   5  11   6
77.50 78.50     i   0   1  11  11
78.50 79.50     v   7   5  11   6
79.50 80.50     i   0   1  11  11
80.50 81.50     v   7   5  11   6
81.50 82.50     i   0   1  11  11
82.50 83.50     v   7   5  11   6
83.50 84.50     i   0   1  11  11
84.50 85.50     v   7   5  11   6
85.50 86.50     i   0   1  11  11
86.50 87.50     v   7   5  11   6
87.50 88.50     i   0   1  11  11
88.50 89.50     v   7   5  11   6
89.50 90.50     i   0   1  11  11
90.50 91.50     v   7   5  11   6
91.50 92.50     i   0   1  11  11
92.50 93.50     v   7   5  11   6
93.50 94.00     i   0   1  11  11
---
