 0.00  1.00     i   0   1   9   9
 1.00  2.00    IV   5   4   9   2
 2.00  3.00   bVI   8   6   9   5
 3.00  4.00  bVII  10   7   9   7
 4.00  5.00     i   0   1   9   9
 5.00  6.00    IV   5   4   9   2
 6.00  7.00   bVI   8   6   9   5
 7.00  8.00  bVII  10   7   9   7
 8.00  9.00     i   0   1   9   9
 9.00 10.00    IV   5   4   9   2
10.00 11.00   bVI   8   6   9   5
11.00 12.00  bVII  10   7   9   7
12.00 13.00     I   0   1   0   0
13.00 14.00    vi   9   6   0   9
14.00 15.00    IV   5   4   0   5
15.00 17.00     I   0   1   0   0
17.00 18.00    vi   9   6   0   9
18.00 19.00    IV   5   4   0   5
19.00 20.00     I   0   1   0   0
20.00 21.00     i   0   1   9   9
21.00 22.00    IV   5   4   9   2
22.00 23.00   bVI   8   6   9   5
23.00 24.00  bVII  10   7   9   7
24.00 25.00     i   0   1   9   9
25.00 26.00    IV   5   4   9   2
26.00 27.00   bVI   8   6   9   5
27.00 28.00  bVII  10   7   9   7
28.00 29.00     i   0   1   9   9
29.00 30.00    IV   5   4   9   2
30.00 31.00   bVI   8   6   9   5
31.00 32.00  bVII  10   7   9   7
32.00 33.00     I   0   1   0   0
33.00 34.00    vi   9   6   0   9
34.00 35.00    IV   5   4   0   5
35.00 37.00     I   0   1   0   0
37.00 38.00    vi   9   6   0   9
38.00 39.00    IV   5   4   0   5
39.00 40.00     I   0   1   0   0
40.00 41.00     i   0   1   9   9
41.00 42.00    IV   5   4   9   2
42.00 43.00   bVI   8   6   9   5
43.00 44.00  bVII  10   7   9   7
44.00 45.00     i   0   1   9   9
45.00 46.00    IV   5   4   9   2
46.00 47.00   bVI   8   6   9   5
47.00 48.00  bVII  10   7   9   7
48.00 49.00     i   0   1   9   9
49.00 50.00    IV   5   4   9   2
50.00 51.00   bVI   8   6   9   5
51.00 52.00  bVII  10   7   9   7
52.00 53.00     I   0   1   0   0
53.00 54.00    vi   9   6   0   9
54.00 55.00    IV   5   4   0   5
55.00 57.00     I   0   1   0   0
57.00 58.00    vi   9   6   0   9
58.00 59.00    IV   5   4   0   5
59.00 61.00     I   0   1   0   0
61.00 62.00    vi   9   6   0   9
62.00 63.00     I   0   1   0   0
63.00 64.00    vi   9   6   0   9
64.00 65.00     I   0   1   0   0
65.00 67.00     V   7   5   0   7
67.00 69.00    IV   5   4   0   5
69.00 70.00     I   0   1   0   0
70.00 71.00    vi   9   6   0   9
71.00 72.00    IV   5   4   0   5
72.00 74.00     I   0   1   0   0
74.00 75.00    vi   9   6   0   9
75.00 76.00    IV   5   4   0   5
76.00 78.00     I   0   1   0   0
78.00 79.00    vi   9   6   0   9
79.00 80.00    IV   5   4   0   5
80.00 82.00     I   0   1   0   0
82.00 83.00    vi   9   6   0   9
83.00 84.00    IV   5   4   0   5
84.00 86.00     I   0   1   0   0
86.00 87.00    vi   9   6   0   9
87.00 88.00    IV   5   4   0   5
88.00 90.00     I   0   1   0   0
90.00 91.00    vi   9   6   0   9
91.00 92.00    IV   5   4   0   5
92.00 94.00     I   0   1   0   0
94.00 95.00    vi   9   6   0   9
95.00 96.00    IV   5   4   0   5
96.00 98.00     I   0   1   0   0
98.00 99.00    vi   9   6   0   9
99.00 100.00    IV   5   4   0   5
100.00 101.00     I   0   1   0   0
---
