 0.00  2.00     i   0   1   4   4
 2.00  6.00     V   7   5   4  11
 6.00 10.00     i   0   1   4   4
10.00 12.00     V   7   5   4  11
12.00 14.00     i   0   1   4   4
14.00 16.00     V   7   5   4  11
16.00 16.50     i   0   1   4   4
16.50 17.00  bVII  10   7   4   2
17.00 17.50  bIII   3   3   4   7
17.50 18.00  bVII  10   7   4   2
18.00 20.50     i   0   1   4   4
20.50 21.00  bVII  10   7   4   2
21.00 21.50  bIII   3   3   4   7
21.50 22.00  bVII  10   7   4   2
22.00 23.00    IV   5   4   4   9
23.00 24.00     V   7   5   4  11
24.00 26.00     i   0   1   4   4
26.00 28.00     V   7   5   4  11
28.00 30.00     i   0   1   4   4
30.00 32.00     V   7   5   4  11
32.00 32.50     i   0   1   4   4
32.50 33.00  bVII  10   7   4   2
33.00 33.50  bIII   3   3   4   7
33.50 34.00  bVII  10   7   4   2
34.00 36.50     i   0   1   4   4
36.50 37.00  bVII  10   7   4   2
37.00 37.50  bIII   3   3   4   7
37.50 38.00  bVII  10   7   4   2
38.00 39.00    IV   5   4   4   9
39.00 40.00     V   7   5   4  11
40.00 42.00     i   0   1   4   4
42.00 44.00     V   7   5   4  11
44.00 46.00     i   0   1   4   4
46.00 48.00     V   7   5   4  11
48.00 48.50     i   0   1   4   4
48.50 49.00  bVII  10   7   4   2
49.00 49.50  bIII   3   3   4   7
49.50 50.00  bVII  10   7   4   2
50.00 52.50     i   0   1   4   4
52.50 53.00  bVII  10   7   4   2
53.00 53.50  bIII   3   3   4   7
53.50 54.00  bVII  10   7   4   2
54.00 55.00    IV   5   4   4   9
55.00 56.00     V   7   5   4  11
56.00 58.00     i   0   1   4   4
58.00 60.00     V   7   5   4  11
60.00 62.00     i   0   1   4   4
62.00 64.00     V   7   5   4  11
64.00 64.50     i   0   1   4   4
64.50 65.00  bVII  10   7   4   2
65.00 65.50  bIII   3   3   4   7
65.50 66.00  bVII  10   7   4   2
66.00 68.50     i   0   1   4   4
68.50 69.00  bVII  10   7   4   2
69.00 69.50  bIII   3   3   4   7
69.50 70.00  bVII  10   7   4   2
70.00 71.00    IV   5   4   4   9
71.00 72.00     V   7   5   4  11
72.00 74.00     i   0   1   4   4
74.00 76.00     V   7   5   4  11
76.00 78.00     i   0   1   4   4
78.00 80.00     V   7   5   4  11
80.00 80.50     i   0   1   4   4
80.50 81.00  bVII  10   7   4   2
81.00 81.50  bIII   3   3   4   7
81.50 82.00  bVII  10   7   4   2
82.00 84.50     i   0   1   4   4
84.50 85.00  bVII  10   7   4   2
85.00 85.50  bIII   3   3   4   7
85.50 86.00  bVII  10   7   4   2
86.00 87.00    IV   5   4   4   9
87.00 88.00     V   7   5   4  11
88.00 90.00     i   0   1   4   4
90.00 92.00     V   7   5   4  11
92.00 94.00     i   0   1   4   4
94.00 96.00     V   7   5   4  11
96.00 98.00     i   0   1   4   4
98.00 100.00     V   7   5   4  11
100.00 102.00     i   0   1   4   4
102.00 104.00     V   7   5   4  11
104.00 106.00     i   0   1   4   4
106.00 108.00     V   7   5   4  11
108.00 110.00     i   0   1   4   4
110.00 112.00     V   7   5   4  11
112.00 114.00     i   0   1   4   4
114.00 116.00     V   7   5   4  11
116.00 118.00     i   0   1   4   4
118.00 120.00     V   7   5   4  11
120.00 122.00     i   0   1   4   4
122.00 124.00     V   7   5   4  11
124.00 126.00     i   0   1   4   4
126.00 128.00     V   7   5   4  11
128.00 130.00     i   0   1   4   4
130.00 132.00     V   7   5   4  11
132.00 134.00     i   0   1   4   4
134.00 136.00     V   7   5   4  11
136.00 138.00     i   0   1   4   4
138.00 140.00     V   7   5   4  11
140.00 142.00     i   0   1   4   4
142.00 144.00     V   7   5   4  11
---
