 0.00  1.00    V7   7   5   4  11
 1.00  5.00     i   0   1   4   4
 5.00  7.00    IV   5   4   4   9
 7.00  9.00     i   0   1   4   4
 9.00 10.00    V7   7   5   4  11
10.00 11.00  IVd7   5   4   4   9
11.00 12.25     I   0   1   4   4
12.25 13.00    V7   7   5   4  11
13.00 17.00     i   0   1   4   4
17.00 19.00    IV   5   4   4   9
19.00 21.00     i   0   1   4   4
21.00 22.00    V7   7   5   4  11
22.00 23.00  IVd7   5   4   4   9
23.00 24.25     I   0   1   4   4
24.25 25.00    V7   7   5   4  11
25.00 37.00     I   0   1   4   4
37.00 39.00    IV   5   4   4   9
39.00 41.00     i   0   1   4   4
41.00 42.00    V7   7   5   4  11
42.00 43.00  IVd7   5   4   4   9
43.00 44.25     I   0   1   4   4
44.25 45.00    V7   7   5   4  11
45.00 49.00     i   0   1   4   4
49.00 51.00    IV   5   4   4   9
51.00 53.00     i   0   1   4   4
53.00 54.00    V7   7   5   4  11
54.00 55.00  IVd7   5   4   4   9
55.00 56.25     I   0   1   4   4
56.25 57.00    V7   7   5   4  11
57.00 65.00     I   0   1   4   4
---
