 0.00  1.00    iv   5   4   7   0
 1.00  2.00  bVII  10   7   7   5
 2.00  3.00     i   0   1   7   7
 3.00  4.00  vih7   9   6   7   4
 4.00  5.00     i   0   1   7   7
 5.00  6.00  vih7   9   6   7   4
 6.00  7.00    iv   5   4   7   0
 7.00  8.00  bVII  10   7   7   5
 8.00  9.00     i   0   1   7   7
 9.00 10.00  vih7   9   6   7   4
10.00 11.00     i   0   1   7   7
11.00 12.00  vih7   9   6   7   4
12.00 13.00    iv   5   4   7   0
13.00 14.00  bVII  10   7   7   5
14.00 15.00     i   0   1   7   7
15.00 16.00  vih7   9   6   7   4
16.00 17.00     i   0   1   7   7
17.00 18.00    v6   7   5   7   2
18.00 19.00 V7/ii   9   6   7   4
19.00 20.00     i   0   1   7   7
20.00 21.00    v6   7   5   7   2
21.00 23.00 V7/ii   9   6   7   4
23.00 24.00    iv   5   4   7   0
24.00 25.00  bVII  10   7   7   5
25.00 26.00     i   0   1   7   7
26.00 27.00  vih7   9   6   7   4
27.00 28.00     i   0   1   7   7
28.00 29.00  vih7   9   6   7   4
29.00 30.00    iv   5   4   7   0
30.00 31.00  bVII  10   7   7   5
31.00 32.00     i   0   1   7   7
32.00 33.00  vih7   9   6   7   4
33.00 34.00     i   0   1   7   7
34.00 35.00    v6   7   5   7   2
35.00 36.00 V7/ii   9   6   7   4
36.00 37.00     i   0   1   7   7
37.00 38.00    v6   7   5   7   2
38.00 40.00 V7/ii   9   6   7   4
40.00 40.50    vi   9   6   0   9
40.50 41.00   bVI   8   6   0   8
41.00 41.50    vi   9   6   0   9
41.50 42.00   bVI   8   6   0   8
42.00 42.50    vi   9   6   0   9
42.50 43.00   bVI   8   6   0   8
43.00 43.50    vi   9   6   0   9
43.50 44.00   bVI   8   6   0   8
44.00 44.57     I   0   1   0   0
44.57 45.00   bVI   8   6   0   8
45.00 45.57     I   0   1   0   0
45.57 46.00   bVI   8   6   0   8
46.00 46.57     I   0   1   0   0
46.57 47.00   bVI   8   6   0   8
47.00 48.00     I   0   1   0   0
48.00 48.50    vi   9   6   0   9
48.50 49.00   bVI   8   6   0   8
49.00 49.50    vi   9   6   0   9
49.50 50.00   bVI   8   6   0   8
50.00 50.50    vi   9   6   0   9
50.50 51.00   bVI   8   6   0   8
51.00 51.50    vi   9   6   0   9
51.50 52.00   bVI   8   6   0   8
52.00 52.57     I   0   1   0   0
52.57 53.00   bVI   8   6   0   8
53.00 53.57     I   0   1   0   0
53.57 54.00   bVI   8   6   0   8
54.00 54.57     I   0   1   0   0
54.57 55.00   bVI   8   6   0   8
55.00 56.00     I   0   1   0   0
56.00 56.50    vi   9   6   0   9
56.50 57.00   bVI   8   6   0   8
57.00 57.50    vi   9   6   0   9
57.50 58.00   bVI   8   6   0   8
58.00 59.00    ii   2   2   0   2
59.00 59.50    vi   9   6   0   9
59.50 60.00   bVI   8   6   0   8
60.00 60.57     I   0   1   0   0
60.57 61.00   bVI   8   6   0   8
61.00 61.57     I   0   1   0   0
61.57 62.00   bVI   8   6   0   8
62.00 62.57     I   0   1   0   0
62.57 63.00   bVI   8   6   0   8
63.00 64.00     I   0   1   0   0
64.00 64.50    vi   9   6   0   9
64.50 65.00   bVI   8   6   0   8
65.00 65.50    vi   9   6   0   9
65.50 66.00   bVI   8   6   0   8
66.00 66.50    vi   9   6   0   9
66.50 67.00   bVI   8   6   0   8
67.00 67.50    vi   9   6   0   9
67.50 68.00   bVI   8   6   0   8
68.00 68.57     I   0   1   0   0
68.57 69.00   bVI   8   6   0   8
69.00 69.57     I   0   1   0   0
69.57 70.00   bVI   8   6   0   8
70.00 70.57     I   0   1   0   0
70.57 71.00   bVI   8   6   0   8
71.00 72.00     I   0   1   0   0
72.00 73.00    IV   5   4   0   5
73.00 73.50     i   0   1   0   0
73.50 74.50    V6   7   5   0   7
74.50 75.00  V/ii   9   6   0   9
75.00 75.50    ii   2   2   0   2
75.50 76.00  V/ii   9   6   0   9
76.00 76.50    ii   2   2   0   2
76.50 77.00   vi6   9   6   0   9
77.00 77.50 IV/IV  10   7   0  10
77.50 78.00   IV6   5   4   0   5
78.00 78.50 ii/IV   7   5   0   7
78.50 79.00    IV   5   4   0   5
79.00 80.00  V/vi   4   3   0   4
80.00 81.00    VI   9   6   0   9
81.00 81.50     i   0   1   0   0
81.50 82.50    V6   7   5   0   7
82.50 83.00  V/ii   9   6   0   9
83.00 83.50    ii   2   2   0   2
83.50 84.00  V/ii   9   6   0   9
84.00 84.50    ii   2   2   0   2
84.50 85.00   vi6   9   6   0   9
85.00 85.50 IV/IV  10   7   0  10
85.50 86.00   IV6   5   4   0   5
86.00 86.50 ii/IV   7   5   0   7
86.50 87.00    IV   5   4   0   5
87.00 88.00  V/vi   4   3   0   4
88.00 89.00    VI   9   6   0   9
89.00 89.50     i   0   1   0   0
89.50 90.50    V6   7   5   0   7
90.50 91.00  V/ii   9   6   0   9
91.00 91.50    ii   2   2   0   2
91.50 92.00  V/ii   9   6   0   9
92.00 92.50    ii   2   2   0   2
92.50 93.00   vi6   9   6   0   9
93.00 93.50 IV/IV  10   7   0  10
93.50 94.00   IV6   5   4   0   5
94.00 94.50 ii/IV   7   5   0   7
94.50 95.00    IV   5   4   0   5
95.00 96.00  V/vi   4   3   0   4
96.00 97.00    VI   9   6   0   9
97.00 97.50     i   0   1   0   0
97.50 98.50    V6   7   5   0   7
98.50 99.00  V/ii   9   6   0   9
99.00 99.50    ii   2   2   0   2
99.50 100.00  V/ii   9   6   0   9
100.00 100.50    ii   2   2   0   2
100.50 101.00   vi6   9   6   0   9
101.00 101.50 IV/IV  10   7   0  10
101.50 102.00   IV6   5   4   0   5
102.00 102.50 ii/IV   7   5   0   7
102.50 103.00    IV   5   4   0   5
103.00 105.00  V/vi   4   3   0   4
105.00 105.50    vi   9   6   0   9
105.50 106.00   bVI   8   6   0   8
106.00 106.50    vi   9   6   0   9
106.50 107.00   bVI   8   6   0   8
107.00 108.00    ii   2   2   0   2
108.00 108.50    vi   9   6   0   9
108.50 109.00   bVI   8   6   0   8
109.00 109.57     I   0   1   0   0
109.57 110.00   bVI   8   6   0   8
110.00 110.57     I   0   1   0   0
110.57 111.00   bVI   8   6   0   8
111.00 111.57     I   0   1   0   0
111.57 112.00   bVI   8   6   0   8
112.00 113.00     I   0   1   0   0
113.00 113.50    vi   9   6   0   9
113.50 114.00   bVI   8   6   0   8
114.00 114.50    vi   9   6   0   9
114.50 115.00   bVI   8   6   0   8
115.00 115.50    vi   9   6   0   9
115.50 116.00   bVI   8   6   0   8
116.00 116.50    vi   9   6   0   9
116.50 117.00   bVI   8   6   0   8
117.00 117.57     I   0   1   0   0
117.57 118.00   bVI   8   6   0   8
118.00 118.57     I   0   1   0   0
118.57 119.00   bVI   8   6   0   8
119.00 119.57     I   0   1   0   0
119.57 120.00   bVI   8   6   0   8
120.00 121.00     I   0   1   0   0
---
