 0.00  0.50     I   0   1   1   1
 0.50  1.00    vi   9   6   1  10
 1.00  1.50   V11   7   5   1   8
 1.50  2.50     I   0   1   1   1
 2.50  3.00    vi   9   6   1  10
 3.00  3.50   V11   7   5   1   8
 3.50  4.50     I   0   1   1   1
 4.50  5.00    vi   9   6   1  10
 5.00  5.50   V11   7   5   1   8
 5.50  6.50     I   0   1   1   1
 6.50  7.00    vi   9   6   1  10
 7.00  7.50   V11   7   5   1   8
 7.50  8.50     I   0   1   1   1
 8.50  9.00    vi   9   6   1  10
 9.00  9.50   V11   7   5   1   8
 9.50 10.00     I   0   1   1   1
10.00 10.50   iii   4   3   1   5
10.50 11.00    ii   2   2   1   3
11.00 11.50   v11   7   5   1   8
11.50 12.50     I   0   1   1   1
12.50 13.00    vi   9   6   1  10
13.00 13.50   V11   7   5   1   8
13.50 14.50     I   0   1   1   1
14.50 15.00    vi   9   6   1  10
15.00 15.50   V11   7   5   1   8
15.50 16.50     I   0   1   1   1
16.50 17.00    vi   9   6   1  10
17.00 17.50   V11   7   5   1   8
17.50 18.50     I   0   1   1   1
18.50 19.00    vi   9   6   1  10
19.00 19.50   V11   7   5   1   8
19.50 20.00     I   0   1   1   1
20.00 20.50   iii   4   3   1   5
20.50 21.00    ii   2   2   1   3
21.00 21.50   v11   7   5   1   8
21.50 22.50     I   0   1   1   1
22.50 23.00    vi   9   6   1  10
23.00 23.50   V11   7   5   1   8
23.50 24.00     I   0   1   1   1
24.00 24.50     I   0   1   2   2
24.50 25.00    vi   9   6   2  11
25.00 25.50   V11   7   5   2   9
25.50 26.50     I   0   1   2   2
26.50 27.00    vi   9   6   2  11
27.00 27.50   V11   7   5   2   9
27.50 28.50     I   0   1   2   2
28.50 29.00    vi   9   6   2  11
29.00 29.50   V11   7   5   2   9
29.50 30.50     I   0   1   2   2
30.50 31.00    vi   9   6   2  11
31.00 31.50   V11   7   5   2   9
31.50 32.00     I   0   1   2   2
32.00 32.50   iii   4   3   2   6
32.50 33.00    ii   2   2   2   4
33.00 33.50   v11   7   5   2   9
33.50 34.50     I   0   1   2   2
34.50 35.00    vi   9   6   2  11
35.00 35.50   V11   7   5   2   9
35.50 36.50     I   0   1   2   2
36.50 37.00    vi   9   6   2  11
37.00 37.50   V11   7   5   2   9
37.50 38.50     I   0   1   2   2
38.50 39.00    vi   9   6   2  11
39.00 39.50   V11   7   5   2   9
39.50 40.00     I   0   1   2   2
40.00 40.50   iii   4   3   2   6
40.50 41.00    ii   2   2   2   4
41.00 41.50   v11   7   5   2   9
41.50 42.50     I   0   1   2   2
42.50 43.00    vi   9   6   2  11
43.00 43.50   V11   7   5   2   9
43.50 44.00     I   0   1   2   2
---
