 0.00  0.50     I   0   1   5   5
 0.50  0.75    IV   5   4   5  10
 0.75  1.00     V   7   5   5   0
 1.00  1.50     I   0   1   5   5
 1.50  2.00     V   7   5   5   0
 2.00  2.50     I   0   1   5   5
 2.50  2.75    IV   5   4   5  10
 2.75  3.00     V   7   5   5   0
 3.00  3.50     I   0   1   5   5
 3.50  4.00     V   7   5   5   0
 4.00  4.50     I   0   1   5   5
 4.50  5.00    vi   9   6   5   2
 5.00  5.50    II   2   2   5   7
 5.50  6.00     V   7   5   5   0
 6.00  6.50     I   0   1   5   5
 6.50  6.75    IV   5   4   5  10
 6.75  7.00     V   7   5   5   0
 7.00  8.50     I   0   1   5   5
 8.50  8.75    IV   5   4   5  10
 8.75  9.00     V   7   5   5   0
 9.00  9.50     I   0   1   5   5
 9.50 10.00     V   7   5   5   0
10.00 10.50     I   0   1   5   5
10.50 10.75    IV   5   4   5  10
10.75 11.00     V   7   5   5   0
11.00 11.50     I   0   1   5   5
11.50 12.00     V   7   5   5   0
12.00 12.50     I   0   1   5   5
12.50 13.00    vi   9   6   5   2
13.00 13.50    II   2   2   5   7
13.50 14.00     V   7   5   5   0
14.00 14.50     I   0   1   5   5
14.50 14.75    IV   5   4   5  10
14.75 15.00     V   7   5   5   0
15.00 16.50     I   0   1   5   5
16.50 16.75    IV   5   4   5  10
16.75 17.00     V   7   5   5   0
17.00 17.50     I   0   1   5   5
17.50 18.00     V   7   5   5   0
18.00 18.50     I   0   1   5   5
18.50 18.75    IV   5   4   5  10
18.75 19.00     V   7   5   5   0
19.00 19.50     I   0   1   5   5
19.50 20.00     V   7   5   5   0
20.00 20.50     I   0   1   5   5
20.50 21.00    vi   9   6   5   2
21.00 21.50    II   2   2   5   7
21.50 22.00     V   7   5   5   0
22.00 22.50     I   0   1   5   5
22.50 22.75    IV   5   4   5  10
22.75 23.00     V   7   5   5   0
23.00 24.50     I   0   1   5   5
24.50 24.75    IV   5   4   5  10
24.75 25.00     V   7   5   5   0
25.00 25.50     I   0   1   5   5
25.50 26.00     V   7   5   5   0
26.00 26.50     I   0   1   5   5
26.50 26.75    IV   5   4   5  10
26.75 27.00     V   7   5   5   0
27.00 27.50     I   0   1   5   5
27.50 28.00     V   7   5   5   0
28.00 28.50     I   0   1   5   5
28.50 29.00    vi   9   6   5   2
29.00 29.50    II   2   2   5   7
29.50 30.00     V   7   5   5   0
30.00 30.50     I   0   1   5   5
30.50 30.75    IV   5   4   5  10
30.75 31.00     V   7   5   5   0
31.00 32.50     I   0   1   5   5
32.50 32.75    IV   5   4   5  10
32.75 33.00     V   7   5   5   0
33.00 33.50     I   0   1   5   5
33.50 34.00     V   7   5   5   0
34.00 34.50     I   0   1   5   5
34.50 34.75    IV   5   4   5  10
34.75 35.00     V   7   5   5   0
35.00 35.50     I   0   1   5   5
35.50 36.00     V   7   5   5   0
36.00 36.50     I   0   1   5   5
36.50 37.00    vi   9   6   5   2
37.00 37.50    II   2   2   5   7
37.50 38.00     V   7   5   5   0
38.00 38.50     I   0   1   5   5
38.50 38.75    IV   5   4   5  10
38.75 39.00     V   7   5   5   0
39.00 40.50     I   0   1   5   5
40.50 40.75    IV   5   4   5  10
40.75 41.00     V   7   5   5   0
41.00 41.50     I   0   1   5   5
41.50 42.00     V   7   5   5   0
42.00 42.50     I   0   1   5   5
42.50 42.75    IV   5   4   5  10
42.75 43.00     V   7   5   5   0
43.00 43.50     I   0   1   5   5
43.50 44.00     V   7   5   5   0
44.00 44.50     I   0   1   5   5
44.50 45.00    vi   9   6   5   2
45.00 45.50    II   2   2   5   7
45.50 46.00     V   7   5   5   0
46.00 46.50     I   0   1   5   5
46.50 46.75    IV   5   4   5  10
46.75 47.00     V   7   5   5   0
47.00 48.00     I   0   1   5   5
---
