 0.00 11.00     i   0   1   4   4
11.00 11.50  bIII   3   3   4   7
11.50 12.00    IV   5   4   4   9
12.00 13.00     i   0   1   4   4
13.00 13.50  bIII   3   3   4   7
13.50 14.00    IV   5   4   4   9
14.00 15.00     i   0   1   4   4
15.00 15.50  bIII   3   3   4   7
15.50 16.00    IV   5   4   4   9
16.00 17.00     i   0   1   4   4
17.00 17.50  bIII   3   3   4   7
17.50 18.00    IV   5   4   4   9
18.00 19.00     i   0   1   4   4
19.00 19.50  bIII   3   3   4   7
19.50 20.00    IV   5   4   4   9
20.00 24.00     i   0   1   4   4
24.00 24.50  bIII   3   3   4   7
24.50 25.00    IV   5   4   4   9
25.00 26.00     i   0   1   4   4
26.00 26.50  bIII   3   3   4   7
26.50 27.00    IV   5   4   4   9
27.00 28.00     i   0   1   4   4
28.00 28.50  bIII   3   3   4   7
28.50 29.00    IV   5   4   4   9
29.00 32.00     i   0   1   4   4
32.00 33.00    IV   5   4   4   9
33.00 34.00     V   7   5   4  11
34.00 35.00  bVII  10   7   4   2
35.00 36.00     i   0   1   4   4
36.00 36.50    ii   2   2   4   6
36.50 37.00  bVII  10   7   4   2
37.00 38.00     i   0   1   4   4
38.00 38.50    ii   2   2   4   6
38.50 39.00  bVII  10   7   4   2
39.00 40.00     i   0   1   4   4
40.00 40.50    ii   2   2   4   6
40.50 41.00  bVII  10   7   4   2
41.00 42.00     i   0   1   4   4
42.00 42.50    ii   2   2   4   6
42.50 43.00  bVII  10   7   4   2
43.00 52.00     i   0   1   4   4
52.00 52.50  bIII   3   3   4   7
52.50 53.00    IV   5   4   4   9
53.00 54.00     i   0   1   4   4
54.00 54.50  bIII   3   3   4   7
54.50 55.00    IV   5   4   4   9
55.00 56.00     i   0   1   4   4
56.00 56.50  bIII   3   3   4   7
56.50 57.00    IV   5   4   4   9
57.00 60.00     i   0   1   4   4
60.00 61.00    IV   5   4   4   9
61.00 62.00     V   7   5   4  11
62.00 63.00  bVII  10   7   4   2
63.00 64.00     i   0   1   4   4
64.00 64.50    ii   2   2   4   6
64.50 65.00  bVII  10   7   4   2
65.00 66.00     i   0   1   4   4
66.00 66.50    ii   2   2   4   6
66.50 67.00  bVII  10   7   4   2
67.00 68.00     i   0   1   4   4
68.00 68.50    ii   2   2   4   6
68.50 69.00  bVII  10   7   4   2
69.00 70.00     i   0   1   4   4
70.00 70.50    ii   2   2   4   6
70.50 71.00  bVII  10   7   4   2
71.00 72.00     i   0   1   4   4
72.00 72.50    ii   2   2   4   6
72.50 73.00  bVII  10   7   4   2
73.00 74.00     i   0   1   4   4
74.00 74.50    ii   2   2   4   6
74.50 75.00  bVII  10   7   4   2
---
