 0.00  1.00     I   0   1  10  10
 1.00  2.00    vi   9   6  10   7
 2.00  3.00     V   7   5  10   5
 3.00  4.00    IV   5   4  10   3
 4.00  5.00     I   0   1  10  10
 5.00  6.00    vi   9   6  10   7
 6.00  7.00     V   7   5  10   5
 7.00  8.00    IV   5   4  10   3
 8.00  9.00     I   0   1  10  10
 9.00 10.00    vi   9   6  10   7
10.00 12.00     V   7   5  10   5
12.00 13.00     I   0   1  10  10
13.00 15.00    IV   5   4  10   3
15.00 16.00     I   0   1  10  10
16.00 17.00    vi   9   6  10   7
17.00 21.00     V   7   5  10   5
21.00 23.00     I   0   1  10  10
23.00 24.00    vi   9   6  10   7
24.00 25.00     V   7   5  10   5
25.00 26.00    IV   5   4  10   3
26.00 27.00     I   0   1  10  10
27.00 28.00    vi   9   6  10   7
28.00 30.00     V   7   5  10   5
30.00 31.00     I   0   1  10  10
31.00 33.00    IV   5   4  10   3
33.00 34.00     I   0   1  10  10
34.00 35.00    vi   9   6  10   7
35.00 39.00     V   7   5  10   5
39.00 41.00     I   0   1  10  10
41.00 42.00    vi   9   6  10   7
42.00 43.00     V   7   5  10   5
43.00 44.00    IV   5   4  10   3
44.00 45.00     I   0   1  10  10
45.00 46.00    vi   9   6  10   7
46.00 48.00     V   7   5  10   5
48.00 49.00     I   0   1  10  10
49.00 51.00    IV   5   4  10   3
51.00 52.00     I   0   1  10  10
52.00 53.00    vi   9   6  10   7
53.00 57.00     V   7   5  10   5
57.00 59.00     I   0   1  10  10
59.00 60.00    vi   9   6  10   7
60.00 61.00     V   7   5  10   5
61.00 62.00    IV   5   4  10   3
62.00 63.00     I   0   1  10  10
63.00 64.00    vi   9   6  10   7
64.00 65.00     V   7   5  10   5
65.00 66.00    IV   5   4  10   3
66.00 67.00     I   0   1  10  10
67.00 68.00    vi   9   6  10   7
68.00 69.00     V   7   5  10   5
69.00 70.00    IV   5   4  10   3
70.00 71.00     I   0   1  10  10
71.00 72.00    vi   9   6  10   7
72.00 73.00     V   7   5  10   5
73.00 74.00    IV   5   4  10   3
74.00 75.00     I   0   1  10  10
75.00 76.00    vi   9   6  10   7
76.00 77.00     V   7   5  10   5
77.00 78.00    IV   5   4  10   3
78.00 79.00     I   0   1  10  10
79.00 80.00    vi   9   6  10   7
80.00 81.00     V   7   5  10   5
81.00 82.00    IV   5   4  10   3
82.00 83.00     I   0   1  10  10
83.00 84.00    vi   9   6  10   7
84.00 85.00     V   7   5  10   5
85.00 86.00    IV   5   4  10   3
86.00 87.00     I   0   1  10  10
87.00 88.00    vi   9   6  10   7
88.00 89.00     V   7   5  10   5
89.00 90.00    IV   5   4  10   3
90.00 91.00     I   0   1  10  10
91.00 92.00    vi   9   6  10   7
92.00 93.00     V   7   5  10   5
93.00 94.00    IV   5   4  10   3
94.00 95.00     I   0   1  10  10
---
