 0.00  4.00     I   0   1   7   7
 4.00  6.00    IV   5   4   7   0
 6.00  8.00     I   0   1   7   7
 8.00 10.00     V   7   5   7   2
10.00 10.50     I   0   1   7   7
10.50 11.00    IV   5   4   7   0
11.00 11.50     I   0   1   7   7
11.50 12.00     V   7   5   7   2
12.00 16.00     I   0   1   7   7
16.00 18.00    IV   5   4   7   0
18.00 20.00     I   0   1   7   7
20.00 22.00     V   7   5   7   2
22.00 22.50     I   0   1   7   7
22.50 23.00    IV   5   4   7   0
23.00 24.00     I   0   1   7   7
24.00 26.00    IV   5   4   7   0
26.00 28.00     I   0   1   7   7
28.00 30.00     V   7   5   7   2
30.00 30.50     I   0   1   7   7
30.50 31.00    IV   5   4   7   0
31.00 32.00     I   0   1   7   7
32.00 34.00    IV   5   4   7   0
34.00 36.00     I   0   1   7   7
36.00 38.00     V   7   5   7   2
38.00 38.50     I   0   1   7   7
38.50 39.00    IV   5   4   7   0
39.00 40.00     I   0   1   7   7
40.00 42.00    IV   5   4   7   0
42.00 44.00     I   0   1   7   7
44.00 46.00     V   7   5   7   2
46.00 46.50     I   0   1   7   7
46.50 47.00    IV   5   4   7   0
47.00 48.00     I   0   1   7   7
48.00 50.00    IV   5   4   7   0
50.00 52.00     I   0   1   7   7
52.00 54.00     V   7   5   7   2
54.00 54.50     I   0   1   7   7
54.50 55.00    IV   5   4   7   0
55.00 56.00     I   0   1   7   7
56.00 58.00    IV   5   4   7   0
58.00 60.00     I   0   1   7   7
60.00 62.00     V   7   5   7   2
62.00 62.50     I   0   1   7   7
62.50 63.00    IV   5   4   7   0
63.00 63.50     I   0   1   7   7
63.50 64.00     V   7   5   7   2
64.00 64.50     I   0   1   7   7
64.50 65.00    IV   5   4   7   0
65.00 65.50     I   0   1   7   7
65.50 66.00     V   7   5   7   2
66.00 66.50     I   0   1   7   7
66.50 67.00    IV   5   4   7   0
67.00 67.50     I   0   1   7   7
67.50 68.00     V   7   5   7   2
68.00 68.50     I   0   1   7   7
68.50 69.00    IV   5   4   7   0
69.00 70.00     I   0   1   7   7
---
