 0.00  1.00     I   0   1   7   7
 1.00  1.50    IV   5   4   7   0
 1.50  3.00     I   0   1   7   7
 3.00  3.25    IV   5   4   7   0
 3.25  3.50     V   7   5   7   2
 3.50  5.00     I   0   1   7   7
 5.00  5.50    IV   5   4   7   0
 5.50  7.00     I   0   1   7   7
 7.00  7.25    IV   5   4   7   0
 7.25  7.50     V   7   5   7   2
 7.50  9.00     I   0   1   7   7
 9.00 10.00    vi   9   6   7   4
10.00 10.50    IV   5   4   7   0
10.50 11.00    I6   0   1   7   7
11.00 12.00    ii   2   2   7   9
12.00 13.00     I   0   1   7   7
13.00 14.00    vi   9   6   7   4
14.00 14.50    IV   5   4   7   0
14.50 15.00    I6   0   1   7   7
15.00 16.00     V   7   5   7   2
16.00 17.00     I   0   1   7   7
17.00 18.00    vi   9   6   7   4
18.00 18.50    IV   5   4   7   0
18.50 19.00    I6   0   1   7   7
19.00 20.00    ii   2   2   7   9
20.00 21.00     I   0   1   7   7
21.00 22.00    vi   9   6   7   4
22.00 22.50    IV   5   4   7   0
22.50 23.00    I6   0   1   7   7
23.00 25.00     V   7   5   7   2
25.00 26.00     I   0   1   7   7
26.00 26.50    IV   5   4   7   0
26.50 27.00     V   7   5   7   2
27.00 28.00     I   0   1   7   7
28.00 28.50    IV   5   4   7   0
28.50 29.00     V   7   5   7   2
29.00 30.00    vi   9   6   7   4
30.00 30.50    IV   5   4   7   0
30.50 31.00     V   7   5   7   2
31.00 32.00     I   0   1   7   7
32.00 32.50    IV   5   4   7   0
32.50 33.00     V   7   5   7   2
33.00 34.00     I   0   1   7   7
34.00 34.50    IV   5   4   7   0
34.50 35.00     V   7   5   7   2
35.00 36.00     I   0   1   7   7
36.00 37.00    vi   9   6   7   4
37.00 37.50    IV   5   4   7   0
37.50 38.00    I6   0   1   7   7
38.00 39.00    ii   2   2   7   9
39.00 40.00     I   0   1   7   7
40.00 41.00    vi   9   6   7   4
41.00 41.50    IV   5   4   7   0
41.50 42.00    I6   0   1   7   7
42.00 43.00     V   7   5   7   2
43.00 44.00     I   0   1   7   7
44.00 45.00    vi   9   6   7   4
45.00 45.50    IV   5   4   7   0
45.50 46.00    I6   0   1   7   7
46.00 47.00    ii   2   2   7   9
47.00 48.00     I   0   1   7   7
48.00 49.00    vi   9   6   7   4
49.00 49.50    IV   5   4   7   0
49.50 50.00    I6   0   1   7   7
50.00 52.00     V   7   5   7   2
52.00 53.00     I   0   1   7   7
53.00 53.50    IV   5   4   7   0
53.50 54.00     V   7   5   7   2
54.00 55.00     I   0   1   7   7
55.00 55.50    IV   5   4   7   0
55.50 56.00     V   7   5   7   2
56.00 57.00    vi   9   6   7   4
57.00 57.50    IV   5   4   7   0
57.50 58.00     V   7   5   7   2
58.00 59.00     I   0   1   7   7
59.00 59.50    IV   5   4   7   0
59.50 60.00     V   7   5   7   2
60.00 61.00     I   0   1   7   7
61.00 61.50    IV   5   4   7   0
61.50 62.00     V   7   5   7   2
62.00 63.00     I   0   1   7   7
63.00 63.50    IV   5   4   7   0
63.50 64.00     V   7   5   7   2
64.00 65.00    vi   9   6   7   4
65.00 65.50    IV   5   4   7   0
65.50 66.00     V   7   5   7   2
66.00 67.00    vi   9   6   7   4
67.00 67.50    IV   5   4   7   0
67.50 68.00     V   7   5   7   2
68.00 69.00    vi   9   6   7   4
69.00 69.50    IV   5   4   7   0
69.50 70.00     V   7   5   7   2
70.00 71.00    vi   9   6   7   4
71.00 71.50    IV   5   4   7   0
71.50 72.00     V   7   5   7   2
72.00 73.00     I   0   1   7   7
73.00 74.00    vi   9   6   7   4
74.00 74.50    IV   5   4   7   0
74.50 75.00    I6   0   1   7   7
75.00 76.00    ii   2   2   7   9
76.00 77.00     I   0   1   7   7
77.00 78.00    vi   9   6   7   4
78.00 78.50    IV   5   4   7   0
78.50 79.00    I6   0   1   7   7
79.00 80.00     V   7   5   7   2
80.00 81.00     I   0   1   7   7
81.00 82.00    vi   9   6   7   4
82.00 82.50    IV   5   4   7   0
82.50 83.00    I6   0   1   7   7
83.00 84.00    ii   2   2   7   9
84.00 85.00     I   0   1   7   7
85.00 86.00    vi   9   6   7   4
86.00 86.50    IV   5   4   7   0
86.50 87.00    I6   0   1   7   7
87.00 89.00     V   7   5   7   2
89.00 90.00     I   0   1   7   7
90.00 90.50    IV   5   4   7   0
90.50 91.00     V   7   5   7   2
91.00 92.00     I   0   1   7   7
92.00 92.50    IV   5   4   7   0
92.50 93.00     V   7   5   7   2
93.00 94.00    vi   9   6   7   4
94.00 94.50    IV   5   4   7   0
94.50 95.00     V   7   5   7   2
95.00 96.00     I   0   1   7   7
96.00 96.50    IV   5   4   7   0
96.50 97.00     V   7   5   7   2
97.00 98.00    vi   9   6   7   4
98.00 98.50    IV   5   4   7   0
98.50 99.00     V   7   5   7   2
99.00 100.00    vi   9   6   7   4
100.00 100.50    IV   5   4   7   0
100.50 101.00     V   7   5   7   2
101.00 102.00     I   0   1   7   7
102.00 102.50    IV   5   4   7   0
102.50 103.00     V   7   5   7   2
103.00 104.00     I   0   1   7   7
104.00 104.50    IV   5   4   7   0
104.50 105.00    I6   0   1   7   7
105.00 107.00    ii   2   2   7   9
107.00 109.00 viio6  11   7   7   6
---
