 0.00  1.00     I   0   1   0   0
 1.00  2.00    IV   5   4   0   5
 2.00  3.00     I   0   1   0   0
 3.00  4.00    IV   5   4   0   5
 4.00  5.00     V   7   5   0   7
 5.00  6.00    IV   5   4   0   5
 6.00  7.00     V   7   5   0   7
 7.00  8.00    IV   5   4   0   5
 8.00  9.00     V   7   5   0   7
 9.00 10.00    IV   5   4   0   5
10.00 11.00     I   0   1   0   0
11.00 12.00    IV   5   4   0   5
12.00 13.00     I   0   1   0   0
13.00 14.00    IV   5   4   0   5
14.00 15.00     V   7   5   0   7
15.00 16.00    IV   5   4   0   5
16.00 17.00     V   7   5   0   7
17.00 18.00    IV   5   4   0   5
18.00 19.00     V   7   5   0   7
19.00 20.00    IV   5   4   0   5
20.00 21.00     I   0   1   0   0
21.00 22.00    IV   5   4   0   5
22.00 23.00     I   0   1   0   0
23.00 24.00    IV   5   4   0   5
24.00 25.00     V   7   5   0   7
25.00 26.00    IV   5   4   0   5
26.00 27.00     V   7   5   0   7
27.00 28.00    IV   5   4   0   5
28.00 29.00     V   7   5   0   7
29.00 30.00    IV   5   4   0   5
30.00 31.00     I   0   1   0   0
31.00 32.00    IV   5   4   0   5
32.00 33.00     I   0   1   0   0
33.00 34.00    IV   5   4   0   5
34.00 36.00     i   0   1   6   6
36.00 38.00    IV   5   4   6  11
38.00 40.00     i   0   1   6   6
40.00 43.00     V   7   5   0   7
43.00 44.00    IV   5   4   0   5
44.00 45.00     V   7   5   0   7
45.00 46.00    IV   5   4   0   5
46.00 47.00     V   7   5   0   7
47.00 48.00    IV   5   4   0   5
48.00 49.00     I   0   1   0   0
49.00 50.00    IV   5   4   0   5
50.00 51.00     I   0   1   0   0
51.00 52.00    IV   5   4   0   5
52.00 53.00     I   0   1   0   0
53.00 54.00    IV   5   4   0   5
54.00 55.00     I   0   1   0   0
55.00 56.00    IV   5   4   0   5
56.00 57.00     I   0   1   0   0
57.00 58.00    IV   5   4   0   5
58.00 59.00     I   0   1   0   0
59.00 60.00    IV   5   4   0   5
60.00 61.00     I   0   1   0   0
61.00 62.00    IV   5   4   0   5
62.00 63.00     I   0   1   0   0
63.00 64.00    IV   5   4   0   5
64.00 65.00     I   0   1   0   0
65.00 66.00    IV   5   4   0   5
66.00 67.00     I   0   1   0   0
67.00 68.00    IV   5   4   0   5
---
