 0.00  0.67     I   0   1   7   7
 0.67  1.00    IV   5   4   7   0
 1.00  2.67     I   0   1   7   7
 2.67  3.00    V7   7   5   7   2
 3.00  4.75     I   0   1   7   7
 4.75  5.00    IV   5   4   7   0
 5.00  5.67     I   0   1   7   7
 5.67  6.00    IV   5   4   7   0
 6.00  7.75     I   0   1   7   7
 7.75  8.00     V   7   5   7   2
 8.00  8.67     I   0   1   7   7
 8.67  9.00     V   7   5   7   2
 9.00 10.75     I   0   1   7   7
10.75 11.00    IV   5   4   7   0
11.00 11.67     I   0   1   7   7
11.67 12.00    IV   5   4   7   0
12.00 13.67     I   0   1   7   7
13.67 14.00     V   7   5   7   2
14.00 15.00     I   0   1   7   7
15.00 16.00     V   7   5   7   2
16.00 16.50    IV   5   4   7   0
16.50 17.00     I   0   1   7   7
17.00 18.00     V   7   5   7   2
18.00 18.50    IV   5   4   7   0
18.50 20.75     I   0   1   7   7
20.75 21.00     V   7   5   7   2
21.00 21.75     I   0   1   7   7
21.75 22.00     V   7   5   7   2
22.00 23.67     I   0   1   7   7
23.67 24.00    IV   5   4   7   0
24.00 25.67     I   0   1   7   7
25.67 26.00    V7   7   5   7   2
26.00 27.67     I   0   1   7   7
27.67 28.00    IV   5   4   7   0
28.00 29.67     I   0   1   7   7
29.67 30.00    V7   7   5   7   2
30.00 31.00     I   0   1   7   7
31.00 32.00     V   7   5   7   2
32.00 32.50    IV   5   4   7   0
32.50 33.00     I   0   1   7   7
33.00 34.00     V   7   5   7   2
34.00 34.50    IV   5   4   7   0
34.50 36.75     I   0   1   7   7
36.75 37.00     V   7   5   7   2
37.00 37.75     I   0   1   7   7
37.75 38.00     V   7   5   7   2
38.00 39.75     I   0   1   7   7
39.75 40.00    IV   5   4   7   0
40.00 40.67     I   0   1   7   7
40.67 41.00    IV   5   4   7   0
41.00 42.75     I   0   1   7   7
42.75 43.00     V   7   5   7   2
43.00 43.67     I   0   1   7   7
43.67 44.00     V   7   5   7   2
44.00 45.50     I   0   1   7   7
45.50 45.75    IV   5   4   7   0
45.75 46.75     I   0   1   7   7
46.75 47.00    IV   5   4   7   0
47.00 48.75     I   0   1   7   7
48.75 49.00     V   7   5   7   2
49.00 50.00     I   0   1   7   7
50.00 51.00     V   7   5   7   2
51.00 51.50    IV   5   4   7   0
51.50 52.00     I   0   1   7   7
52.00 53.00     V   7   5   7   2
53.00 53.50    IV   5   4   7   0
53.50 55.75     I   0   1   7   7
55.75 56.00     V   7   5   7   2
56.00 56.75     I   0   1   7   7
56.75 57.00     V   7   5   7   2
57.00 58.00     I   0   1   7   7
58.00 59.00     V   7   5   7   2
59.00 59.50    IV   5   4   7   0
59.50 60.00     I   0   1   7   7
60.00 61.00     V   7   5   7   2
61.00 61.50    IV   5   4   7   0
61.50 63.75     I   0   1   7   7
63.75 64.00     V   7   5   7   2
64.00 64.75     I   0   1   7   7
64.75 65.00     V   7   5   7   2
65.00 67.75     I   0   1   7   7
67.75 68.00     V   7   5   7   2
68.00 68.75     I   0   1   7   7
68.75 69.00     V   7   5   7   2
69.00 69.75     I   0   1   7   7
69.75 70.00     V   7   5   7   2
70.00 70.75     I   0   1   7   7
70.75 71.00     V   7   5   7   2
71.00 71.75     I   0   1   7   7
71.75 72.00     V   7   5   7   2
---
