 0.00  5.00     I   0   1   7   7
 5.00  9.00    IV   5   4   7   0
 9.00 13.00     I   0   1   7   7
13.00 17.00    IV   5   4   7   0
17.00 19.00     I   0   1   7   7
19.00 21.00     V   7   5   7   2
21.00 23.00     I   0   1   7   7
23.00 25.00     V   7   5   7   2
25.00 27.00     I   0   1   7   7
27.00 29.00     V   7   5   7   2
29.00 31.00     I   0   1   7   7
31.00 35.00  bVII  10   7   7   5
35.00 39.00     I   0   1   7   7
39.00 43.00  bVII  10   7   7   5
43.00 52.00     I   0   1   7   7
52.00 56.00    IV   5   4   7   0
56.00 60.00     I   0   1   7   7
60.00 64.00    IV   5   4   7   0
64.00 66.00     I   0   1   7   7
66.00 68.00     V   7   5   7   2
68.00 70.00     I   0   1   7   7
70.00 72.00     V   7   5   7   2
72.00 74.00     I   0   1   7   7
74.00 76.00     V   7   5   7   2
76.00 78.00     I   0   1   7   7
78.00 82.00  bVII  10   7   7   5
82.00 86.00     I   0   1   7   7
86.00 90.00  bVII  10   7   7   5
90.00 95.50     I   0   1   7   7
95.50 96.00  bVII  10   7   7   5
96.00 97.50     I   0   1   7   7
97.50 98.00  bVII  10   7   7   5
98.00 99.50     I   0   1   7   7
99.50 100.00  bVII  10   7   7   5
100.00 101.50     I   0   1   7   7
101.50 102.00  bVII  10   7   7   5
102.00 103.50     I   0   1   7   7
103.50 104.00  bVII  10   7   7   5
104.00 105.50     I   0   1   7   7
105.50 106.00  bVII  10   7   7   5
106.00 107.50     I   0   1   7   7
107.50 108.00  bVII  10   7   7   5
108.00 109.50     I   0   1   7   7
109.50 110.00  bVII  10   7   7   5
110.00 111.50    IV   5   4   7   0
111.50 112.00  bIII   3   3   7  10
112.00 113.50    IV   5   4   7   0
113.50 114.00  bIII   3   3   7  10
114.00 115.50     I   0   1   7   7
115.50 116.00  bVII  10   7   7   5
116.00 128.00     I   0   1   7   7
128.00 132.00  bVII  10   7   7   5
132.00 136.00     I   0   1   7   7
136.00 140.00  bVII  10   7   7   5
140.00 149.00     I   0   1   7   7
---
