 0.00  6.00     I   0   1   9   9
 6.00  8.00     V   7   5   9   4
 8.00 12.00     I   0   1   9   9
12.00 14.00  IVd7   5   4   9   2
14.00 16.00     I   0   1   9   9
16.00 18.00    V7   7   5   9   4
18.00 24.00     I   0   1   9   9
24.00 26.00  IVd7   5   4   9   2
26.00 28.00     I   0   1   9   9
28.00 30.00    V7   7   5   9   4
30.00 36.00     I   0   1   9   9
36.00 38.00  IVd7   5   4   9   2
38.00 40.00     I   0   1   9   9
40.00 42.00    V7   7   5   9   4
42.00 48.00     I   0   1   9   9
48.00 50.00  IVd7   5   4   9   2
50.00 52.00     I   0   1   9   9
52.00 54.00    V7   7   5   9   4
54.00 60.00     I   0   1   9   9
60.00 62.00  IVd7   5   4   9   2
62.00 64.00     I   0   1   9   9
64.00 66.00    V7   7   5   9   4
66.00 72.00     I   0   1   9   9
72.00 74.00  IVd7   5   4   9   2
74.00 76.00     I   0   1   9   9
76.00 78.00    V7   7   5   9   4
78.00 84.00     I   0   1   9   9
84.00 86.00  IVd7   5   4   9   2
86.00 88.00     I   0   1   9   9
88.00 90.00    V7   7   5   9   4
90.00 91.00     I   0   1   9   9
91.00 92.00    IV   5   4   9   2
92.00 93.50     V   7   5   9   4
93.50 94.00     I   0   1   9   9
---
