 0.00  1.00     i   0   1   4   4
 1.00  1.50  bVII  10   7   4   2
 1.50  2.00   bVI   8   6   4   0
 2.00  3.00     i   0   1   4   4
 3.00  3.50  bVII  10   7   4   2
 3.50  4.00   bVI   8   6   4   0
 4.00  5.00     i   0   1   4   4
 5.00  5.50  bVII  10   7   4   2
 5.50  6.00   bVI   8   6   4   0
 6.00  7.00     i   0   1   4   4
 7.00  7.50  bVII  10   7   4   2
 7.50  8.00   bVI   8   6   4   0
 8.00  9.00     i   0   1   4   4
 9.00  9.50  bVII  10   7   4   2
 9.50 10.00   bVI   8   6   4   0
10.00 11.00     i   0   1   4   4
11.00 11.50  bVII  10   7   4   2
11.50 12.00   bVI   8   6   4   0
12.00 13.00     i   0   1   4   4
13.00 13.50  bVII  10   7   4   2
13.50 14.00   bVI   8   6   4   0
14.00 15.00     i   0   1   4   4
15.00 15.50  bVII  10   7   4   2
15.50 16.00   bVI   8   6   4   0
16.00 17.00     i   0   1   4   4
17.00 17.50  bVII  10   7   4   2
17.50 18.00   bVI   8   6   4   0
18.00 19.00     i   0   1   4   4
19.00 19.50  bVII  10   7   4   2
19.50 20.00   bVI   8   6   4   0
20.00 21.00     i   0   1   4   4
21.00 21.50  bVII  10   7   4   2
21.50 22.00   bVI   8   6   4   0
22.00 23.00     i   0   1   4   4
23.00 23.50  bVII  10   7   4   2
23.50 24.00   bVI   8   6   4   0
24.00 25.00  bIII   3   3   4   7
25.00 26.00  bVII  10   7   4   2
26.00 27.50   bVI   8   6   4   0
27.50 28.00     i   0   1   4   4
28.00 29.00  bIII   3   3   4   7
29.00 30.00  bVII  10   7   4   2
30.00 31.50   bVI   8   6   4   0
31.50 32.00     i   0   1   4   4
32.00 33.00  bIII   3   3   4   7
33.00 34.00  bVII  10   7   4   2
34.00 35.50   bVI   8   6   4   0
35.50 36.00     i   0   1   4   4
36.00 37.00  bIII   3   3   4   7
37.00 38.00  bVII  10   7   4   2
38.00 39.50   bVI   8   6   4   0
39.50 40.00     i   0   1   4   4
40.00 44.00    IV   5   4   4   9
44.00 45.00     i   0   1   4   4
45.00 45.50  bVII  10   7   4   2
45.50 46.00   bVI   8   6   4   0
46.00 47.00     i   0   1   4   4
47.00 47.50  bVII  10   7   4   2
47.50 48.00   bVI   8   6   4   0
48.00 49.00     i   0   1   4   4
49.00 49.50  bVII  10   7   4   2
49.50 50.00   bVI   8   6   4   0
50.00 51.00     i   0   1   4   4
51.00 51.50  bVII  10   7   4   2
51.50 52.00   bVI   8   6   4   0
52.00 53.00     i   0   1   4   4
53.00 53.50  bVII  10   7   4   2
53.50 54.00   bVI   8   6   4   0
54.00 55.00     i   0   1   4   4
55.00 55.50  bVII  10   7   4   2
55.50 56.00   bVI   8   6   4   0
56.00 57.00     i   0   1   4   4
57.00 57.50  bVII  10   7   4   2
57.50 58.00   bVI   8   6   4   0
58.00 59.00     i   0   1   4   4
59.00 59.50  bVII  10   7   4   2
59.50 60.00   bVI   8   6   4   0
60.00 61.00     i   0   1   4   4
61.00 61.50  bVII  10   7   4   2
61.50 62.00   bVI   8   6   4   0
62.00 63.00     i   0   1   4   4
63.00 63.50  bVII  10   7   4   2
63.50 64.00   bVI   8   6   4   0
64.00 65.00     i   0   1   4   4
65.00 65.50  bVII  10   7   4   2
65.50 66.00   bVI   8   6   4   0
66.00 67.00     i   0   1   4   4
67.00 67.50  bVII  10   7   4   2
67.50 68.00   bVI   8   6   4   0
68.00 69.00  bIII   3   3   4   7
69.00 70.00  bVII  10   7   4   2
70.00 71.50   bVI   8   6   4   0
71.50 72.00     i   0   1   4   4
72.00 73.00  bIII   3   3   4   7
73.00 74.00  bVII  10   7   4   2
74.00 75.50   bVI   8   6   4   0
75.50 76.00     i   0   1   4   4
76.00 77.00  bIII   3   3   4   7
77.00 78.00  bVII  10   7   4   2
78.00 79.50   bVI   8   6   4   0
79.50 80.00     i   0   1   4   4
80.00 81.00  bIII   3   3   4   7
81.00 82.00  bVII  10   7   4   2
82.00 83.50   bVI   8   6   4   0
83.50 84.00     i   0   1   4   4
84.00 88.00    IV   5   4   4   9
88.00 89.00     i   0   1   4   4
89.00 89.50  bVII  10   7   4   2
89.50 90.00   bVI   8   6   4   0
90.00 91.00     i   0   1   4   4
91.00 91.50  bVII  10   7   4   2
91.50 92.00   bVI   8   6   4   0
92.00 93.00     i   0   1   4   4
93.00 93.50  bVII  10   7   4   2
93.50 94.00   bVI   8   6   4   0
94.00 95.00     i   0   1   4   4
95.00 95.50  bVII  10   7   4   2
95.50 96.00   bVI   8   6   4   0
96.00 97.00     i   0   1   4   4
97.00 97.50  bVII  10   7   4   2
97.50 98.00   bVI   8   6   4   0
98.00 99.00     i   0   1   4   4
99.00 99.50  bVII  10   7   4   2
99.50 100.00   bVI   8   6   4   0
100.00 101.00     i   0   1   4   4
101.00 101.50  bVII  10   7   4   2
101.50 102.00   bVI   8   6   4   0
102.00 103.00     i   0   1   4   4
103.00 103.50  bVII  10   7   4   2
103.50 104.00   bVI   8   6   4   0
104.00 105.00     i   0   1   4   4
105.00 105.50  bVII  10   7   4   2
105.50 106.00   bVI   8   6   4   0
106.00 107.00     i   0   1   4   4
107.00 107.50  bVII  10   7   4   2
107.50 108.00   bVI   8   6   4   0
108.00 109.00     i   0   1   4   4
109.00 109.50  bVII  10   7   4   2
109.50 110.00   bVI   8   6   4   0
110.00 111.00     i   0   1   4   4
111.00 111.50  bVII  10   7   4   2
111.50 112.00   bVI   8   6   4   0
112.00 113.00     i   0   1   4   4
113.00 113.50  bVII  10   7   4   2
113.50 114.00   bVI   8   6   4   0
114.00 115.00     i   0   1   4   4
115.00 115.50  bVII  10   7   4   2
115.50 116.00   bVI   8   6   4   0
116.00 117.00     i   0   1   4   4
117.00 117.50  bVII  10   7   4   2
117.50 118.00   bVI   8   6   4   0
118.00 119.00     i   0   1   4   4
119.00 119.50  bVII  10   7   4   2
119.50 120.00   bVI   8   6   4   0
120.00 121.00  bIII   3   3   4   7
121.00 122.00  bVII  10   7   4   2
122.00 123.50   bVI   8   6   4   0
123.50 124.00     i   0   1   4   4
124.00 125.00  bIII   3   3   4   7
125.00 126.00  bVII  10   7   4   2
126.00 127.50   bVI   8   6   4   0
127.50 128.00     i   0   1   4   4
128.00 129.00  bIII   3   3   4   7
129.00 130.00  bVII  10   7   4   2
130.00 131.50   bVI   8   6   4   0
131.50 132.00     i   0   1   4   4
132.00 133.00  bIII   3   3   4   7
133.00 134.00  bVII  10   7   4   2
134.00 135.50   bVI   8   6   4   0
135.50 136.00     i   0   1   4   4
136.00 140.00    IV   5   4   4   9
140.00 141.00     i   0   1   4   4
141.00 141.50  bVII  10   7   4   2
141.50 142.00   bVI   8   6   4   0
142.00 143.00     i   0   1   4   4
143.00 143.50  bVII  10   7   4   2
143.50 144.00   bVI   8   6   4   0
144.00 145.00     i   0   1   4   4
145.00 145.50  bVII  10   7   4   2
145.50 146.00   bVI   8   6   4   0
146.00 147.00     i   0   1   4   4
147.00 147.50  bVII  10   7   4   2
147.50 148.00   bVI   8   6   4   0
148.00 149.00     i   0   1   4   4
149.00 149.50  bVII  10   7   4   2
149.50 150.00   bVI   8   6   4   0
150.00 151.00     i   0   1   4   4
151.00 151.50  bVII  10   7   4   2
151.50 152.00   bVI   8   6   4   0
---
