 0.00  1.00     i   0   1   0   0
 1.00  1.50   iv6   5   4   0   5
 1.50  2.00     V   7   5   0   7
 2.00  3.00     i   0   1   0   0
 3.00  3.50   iv6   5   4   0   5
 3.50  4.00     V   7   5   0   7
 4.00  5.00     i   0   1   0   0
 5.00  5.50   iv6   5   4   0   5
 5.50  6.00     V   7   5   0   7
 6.00  7.00     i   0   1   0   0
 7.00  7.50   iv6   5   4   0   5
 7.50  8.00     V   7   5   0   7
 8.00  9.00     i   0   1   0   0
 9.00  9.50   iv6   5   4   0   5
 9.50 10.00     V   7   5   0   7
10.00 11.00     i   0   1   0   0
11.00 11.50   iv6   5   4   0   5
11.50 12.00     V   7   5   0   7
12.00 13.00     i   0   1   0   0
13.00 13.50   iv6   5   4   0   5
13.50 14.00     V   7   5   0   7
14.00 15.00     i   0   1   0   0
15.00 15.50   iv6   5   4   0   5
15.50 16.00     V   7   5   0   7
16.00 17.00     i   0   1   0   0
17.00 18.00  bIII   3   3   0   3
18.00 19.00   bVI   8   6   0   8
19.00 20.00     V   7   5   0   7
20.00 21.00     i   0   1   0   0
21.00 22.00  bIII   3   3   0   3
22.00 23.00   bVI   8   6   0   8
23.00 24.00     V   7   5   0   7
24.00 25.00     i   0   1   0   0
25.00 26.00  bIII   3   3   0   3
26.00 27.00   bVI   8   6   0   8
27.00 28.00     V   7   5   0   7
28.00 29.00     i   0   1   0   0
29.00 30.00  bIII   3   3   0   3
30.00 31.00   bVI   8   6   0   8
31.00 32.00     V   7   5   0   7
32.00 32.50     i   0   1   0   0
32.50 33.00  biii   3   3   0   3
33.00 33.50   bVI   8   6   0   8
33.50 34.00     V   7   5   0   7
34.00 34.50     i   0   1   0   0
34.50 35.00  biii   3   3   0   3
35.00 35.50   bVI   8   6   0   8
35.50 36.00     V   7   5   0   7
36.00 36.25     i   0   1   0   0
36.25 36.50  biii   3   3   0   3
36.50 36.75   bVI   8   6   0   8
36.75 37.00     V   7   5   0   7
37.00 37.25     i   0   1   0   0
37.25 37.50  biii   3   3   0   3
37.50 37.75   bVI   8   6   0   8
37.75 38.00     V   7   5   0   7
38.00 38.25   bVI   8   6   0   8
38.25 38.50     V   7   5   0   7
38.50 38.75   bVI   8   6   0   8
38.75 39.00     V   7   5   0   7
39.00 39.25   bVI   8   6   0   8
39.25 39.50     V   7   5   0   7
39.50 39.75   bVI   8   6   0   8
39.75 40.00     V   7   5   0   7
40.00 41.00     i   0   1   0   0
41.00 41.50   iv6   5   4   0   5
41.50 42.00     V   7   5   0   7
42.00 43.00     i   0   1   0   0
43.00 43.50   iv6   5   4   0   5
43.50 44.00     V   7   5   0   7
44.00 45.00     i   0   1   0   0
45.00 45.50   iv6   5   4   0   5
45.50 46.00     V   7   5   0   7
46.00 47.00     i   0   1   0   0
47.00 47.50   iv6   5   4   0   5
47.50 48.00     V   7   5   0   7
48.00 49.00     i   0   1   0   0
49.00 49.50   iv6   5   4   0   5
49.50 50.00     V   7   5   0   7
50.00 51.00     i   0   1   0   0
51.00 51.50   iv6   5   4   0   5
51.50 52.00     V   7   5   0   7
52.00 53.00     i   0   1   0   0
53.00 53.50   iv6   5   4   0   5
53.50 54.00     V   7   5   0   7
54.00 55.00     i   0   1   0   0
55.00 55.50   iv6   5   4   0   5
55.50 56.00     V   7   5   0   7
56.00 57.00     i   0   1   0   0
57.00 57.50   iv6   5   4   0   5
57.50 58.00     V   7   5   0   7
58.00 59.00     i   0   1   0   0
59.00 59.50   iv6   5   4   0   5
59.50 60.00     V   7   5   0   7
60.00 61.00     i   0   1   0   0
61.00 62.00  bIII   3   3   0   3
62.00 63.00   bVI   8   6   0   8
63.00 64.00     V   7   5   0   7
64.00 65.00     i   0   1   0   0
65.00 66.00  bIII   3   3   0   3
66.00 67.00   bVI   8   6   0   8
67.00 68.00     V   7   5   0   7
68.00 69.00     i   0   1   0   0
69.00 70.00  bIII   3   3   0   3
70.00 71.00   bVI   8   6   0   8
71.00 72.00     V   7   5   0   7
72.00 73.00     i   0   1   0   0
73.00 74.00  bIII   3   3   0   3
74.00 75.00   bVI   8   6   0   8
75.00 76.00     V   7   5   0   7
76.00 76.50     i   0   1   0   0
76.50 77.00  biii   3   3   0   3
77.00 77.50   bVI   8   6   0   8
77.50 78.00     V   7   5   0   7
78.00 78.50     i   0   1   0   0
78.50 79.00  biii   3   3   0   3
79.00 79.50   bVI   8   6   0   8
79.50 80.00     V   7   5   0   7
80.00 80.25     i   0   1   0   0
80.25 80.50  biii   3   3   0   3
80.50 80.75   bVI   8   6   0   8
80.75 81.00     V   7   5   0   7
81.00 81.25     i   0   1   0   0
81.25 81.50  biii   3   3   0   3
81.50 81.75   bVI   8   6   0   8
81.75 82.00     V   7   5   0   7
82.00 82.25   bVI   8   6   0   8
82.25 82.50     V   7   5   0   7
82.50 82.75   bVI   8   6   0   8
82.75 83.00     V   7   5   0   7
83.00 83.25   bVI   8   6   0   8
83.25 83.50     V   7   5   0   7
83.50 83.75   bVI   8   6   0   8
83.75 84.00     V   7   5   0   7
84.00 85.00     i   0   1   0   0
85.00 85.50   iv6   5   4   0   5
85.50 86.00     V   7   5   0   7
86.00 87.00     i   0   1   0   0
87.00 87.50   iv6   5   4   0   5
87.50 88.00     V   7   5   0   7
88.00 89.00     i   0   1   0   0
89.00 89.50   iv6   5   4   0   5
89.50 90.00     V   7   5   0   7
90.00 91.00     i   0   1   0   0
91.00 91.50   iv6   5   4   0   5
91.50 92.00     V   7   5   0   7
92.00 93.00     i   0   1   0   0
93.00 93.50   iv6   5   4   0   5
93.50 94.00     V   7   5   0   7
94.00 95.00     i   0   1   0   0
95.00 95.50   iv6   5   4   0   5
95.50 96.00     V   7   5   0   7
96.00 97.00     i   0   1   0   0
97.00 97.50   iv6   5   4   0   5
97.50 98.00     V   7   5   0   7
98.00 99.00     i   0   1   0   0
99.00 99.50   iv6   5   4   0   5
99.50 100.00     V   7   5   0   7
100.00 101.00     i   0   1   0   0
101.00 101.50   iv6   5   4   0   5
101.50 102.00     V   7   5   0   7
102.00 103.00     i   0   1   0   0
103.00 103.50   iv6   5   4   0   5
103.50 104.00     V   7   5   0   7
104.00 105.00  bVII  10   7   0  10
105.00 113.00     i   0   1   0   0
113.00 128.00    iv   5   4   0   5
128.00 129.00     i   0   1   0   0
129.00 129.50   iv6   5   4   0   5
129.50 130.00     V   7   5   0   7
130.00 131.00     i   0   1   0   0
131.00 131.50   iv6   5   4   0   5
131.50 132.00     V   7   5   0   7
132.00 133.00     i   0   1   0   0
133.00 133.50   iv6   5   4   0   5
133.50 134.00     V   7   5   0   7
134.00 135.00     i   0   1   0   0
135.00 135.50   iv6   5   4   0   5
135.50 136.00     V   7   5   0   7
136.00 137.00     i   0   1   0   0
137.00 137.50   iv6   5   4   0   5
137.50 138.00     V   7   5   0   7
138.00 139.00     i   0   1   0   0
139.00 139.50   iv6   5   4   0   5
139.50 140.00     V   7   5   0   7
140.00 141.00     i   0   1   0   0
141.00 141.50   iv6   5   4   0   5
141.50 142.00     V   7   5   0   7
142.00 143.00     i   0   1   0   0
143.00 143.50   iv6   5   4   0   5
143.50 144.00     V   7   5   0   7
144.00 145.00     i   0   1   0   0
145.00 145.50   iv6   5   4   0   5
145.50 146.00     V   7   5   0   7
146.00 147.00     i   0   1   0   0
147.00 147.50   iv6   5   4   0   5
147.50 148.00     V   7   5   0   7
148.00 149.00     i   0   1   0   0
149.00 150.00  bIII   3   3   0   3
150.00 151.00   bVI   8   6   0   8
151.00 152.00     V   7   5   0   7
152.00 153.00     i   0   1   0   0
153.00 154.00  bIII   3   3   0   3
154.00 155.00   bVI   8   6   0   8
155.00 156.00     V   7   5   0   7
156.00 157.00     i   0   1   0   0
157.00 158.00  bIII   3   3   0   3
158.00 159.00   bVI   8   6   0   8
159.00 160.00     V   7   5   0   7
160.00 161.00     i   0   1   0   0
161.00 162.00  bIII   3   3   0   3
162.00 163.00   bVI   8   6   0   8
163.00 164.00     V   7   5   0   7
164.00 164.50     i   0   1   0   0
164.50 165.00  biii   3   3   0   3
165.00 165.50   bVI   8   6   0   8
165.50 166.00     V   7   5   0   7
166.00 166.50     i   0   1   0   0
166.50 167.00  biii   3   3   0   3
167.00 167.50   bVI   8   6   0   8
167.50 168.00     V   7   5   0   7
168.00 168.25     i   0   1   0   0
168.25 168.50  biii   3   3   0   3
168.50 168.75   bVI   8   6   0   8
168.75 169.00     V   7   5   0   7
169.00 169.25     i   0   1   0   0
169.25 169.50  biii   3   3   0   3
169.50 169.75   bVI   8   6   0   8
169.75 170.00     V   7   5   0   7
170.00 170.25   bVI   8   6   0   8
170.25 170.50     V   7   5   0   7
170.50 170.75   bVI   8   6   0   8
170.75 171.00     V   7   5   0   7
171.00 171.25   bVI   8   6   0   8
171.25 171.50     V   7   5   0   7
171.50 171.75   bVI   8   6   0   8
171.75 172.00     V   7   5   0   7
172.00 173.00     i   0   1   0   0
173.00 173.50   iv6   5   4   0   5
173.50 174.00     V   7   5   0   7
174.00 175.00     i   0   1   0   0
175.00 175.50   iv6   5   4   0   5
175.50 176.00     V   7   5   0   7
176.00 177.00     i   0   1   0   0
177.00 177.50   iv6   5   4   0   5
177.50 178.00     V   7   5   0   7
178.00 179.00     i   0   1   0   0
179.00 179.50   iv6   5   4   0   5
179.50 180.00     V   7   5   0   7
180.00 181.00     i   0   1   0   0
181.00 181.50   iv6   5   4   0   5
181.50 182.00     V   7   5   0   7
182.00 183.00     i   0   1   0   0
183.00 183.50   iv6   5   4   0   5
183.50 184.00     V   7   5   0   7
184.00 185.00     i   0   1   0   0
185.00 185.50   iv6   5   4   0   5
185.50 186.00     V   7   5   0   7
186.00 187.00     i   0   1   0   0
187.00 187.50   iv6   5   4   0   5
187.50 188.00     V   7   5   0   7
188.00 189.00     i   0   1   0   0
189.00 189.50   iv6   5   4   0   5
189.50 190.00     V   7   5   0   7
190.00 191.00     i   0   1   0   0
191.00 191.50   iv6   5   4   0   5
191.50 192.00     V   7   5   0   7
192.00 193.00  bVII  10   7   0  10
193.00 201.00     i   0   1   0   0
201.00 216.00    iv   5   4   0   5
216.00 217.00     i   0   1   0   0
217.00 217.50   iv6   5   4   0   5
217.50 218.00     V   7   5   0   7
218.00 219.00     i   0   1   0   0
219.00 219.50   iv6   5   4   0   5
219.50 220.00     V   7   5   0   7
220.00 309.00     i   0   1   5   5
---
