 0.00  4.00     I   0   1   3   3
 4.00  6.00    IV   5   4   3   8
 6.00  8.00     I   0   1   3   3
 8.00 10.00     V   7   5   3  10
10.00 13.00     I   0   1   3   3
13.00 14.00    IV   5   4   3   8
14.00 16.00     I   0   1   3   3
16.00 18.00    IV   5   4   3   8
18.00 20.00     I   0   1   3   3
20.00 21.00     V   7   5   3  10
21.00 22.00    IV   5   4   3   8
22.00 25.00     I   0   1   3   3
25.00 26.00    IV   5   4   3   8
26.00 28.00     I   0   1   3   3
28.00 30.00    IV   5   4   3   8
30.00 32.00     I   0   1   3   3
32.00 33.00     V   7   5   3  10
33.00 34.00    IV   5   4   3   8
34.00 37.00     I   0   1   3   3
37.00 38.00    IV   5   4   3   8
38.00 40.00     I   0   1   3   3
40.00 42.00    IV   5   4   3   8
42.00 44.00     I   0   1   3   3
44.00 45.00     V   7   5   3  10
45.00 46.00    IV   5   4   3   8
46.00 52.00     I   0   1   3   3
52.00 54.00    IV   5   4   3   8
54.00 56.00     I   0   1   3   3
56.00 58.00     V   7   5   3  10
58.00 61.00     I   0   1   3   3
61.00 62.00    IV   5   4   3   8
62.00 64.00     I   0   1   3   3
64.00 66.00    IV   5   4   3   8
66.00 68.00     I   0   1   3   3
68.00 69.00     V   7   5   3  10
69.00 70.00    IV   5   4   3   8
70.00 73.00     I   0   1   3   3
73.00 74.00    IV   5   4   3   8
74.00 76.00     I   0   1   3   3
76.00 78.00    IV   5   4   3   8
78.00 80.00     I   0   1   3   3
80.00 81.00     V   7   5   3  10
81.00 82.00    IV   5   4   3   8
82.00 85.00     I   0   1   3   3
85.00 86.00    IV   5   4   3   8
86.00 88.00     I   0   1   3   3
88.00 90.00    IV   5   4   3   8
90.00 92.00     I   0   1   3   3
92.00 93.00     V   7   5   3  10
93.00 94.00    IV   5   4   3   8
94.00 100.00     I   0   1   3   3
100.00 102.00    IV   5   4   3   8
102.00 104.00     I   0   1   3   3
104.00 105.50     V   7   5   3  10
105.50 108.00     I   0   1   3   3
---
