 0.00  1.00     I   0   1   4   4
 1.00  2.00    IV   5   4   4   9
 2.00  3.00     I   0   1   4   4
 3.00  4.00    IV   5   4   4   9
 4.00  5.00     I   0   1   4   4
 5.00  6.00    IV   5   4   4   9
 6.00  7.00     I   0   1   4   4
 7.00  8.00    IV   5   4   4   9
 8.00 10.00     I   0   1   4   4
10.00 12.00    IV   5   4   4   9
12.00 14.00     I   0   1   4   4
14.00 16.00    IV   5   4   4   9
16.00 17.00     I   0   1   4   4
17.00 18.00     V   7   5   4  11
18.00 19.00     I   0   1   4   4
19.00 20.00    IV   5   4   4   9
20.00 21.00     I   0   1   4   4
21.00 22.00    IV   5   4   4   9
22.00 23.00     I   0   1   4   4
23.00 24.00    IV   5   4   4   9
24.00 25.00     I   0   1   4   4
25.00 26.00    IV   5   4   4   9
26.00 27.00     I   0   1   4   4
27.00 28.00    IV   5   4   4   9
28.00 29.00     I   0   1   4   4
29.00 30.00    IV   5   4   4   9
30.00 31.00     I   0   1   4   4
31.00 32.00    IV   5   4   4   9
32.00 33.00     I   0   1   4   4
33.00 34.00    IV   5   4   4   9
34.00 35.00     I   0   1   4   4
35.00 36.00    IV   5   4   4   9
36.00 39.00     I   0   1   4   4
39.00 40.00    IV   5   4   4   9
40.00 41.00     I   0   1   4   4
41.00 42.00    IV   5   4   4   9
42.00 44.00     I   0   1   4   4
44.00 46.00    IV   5   4   4   9
46.00 48.00     I   0   1   4   4
48.00 50.00    IV   5   4   4   9
50.00 51.00     I   0   1   4   4
51.00 52.00     V   7   5   4  11
52.00 53.00     I   0   1   4   4
53.00 54.00    IV   5   4   4   9
54.00 55.00     I   0   1   4   4
55.00 56.00    IV   5   4   4   9
56.00 57.00     I   0   1   4   4
57.00 58.00    IV   5   4   4   9
58.00 59.00     I   0   1   4   4
59.00 60.00    IV   5   4   4   9
60.00 61.00     I   0   1   4   4
61.00 62.00    IV   5   4   4   9
62.00 63.00     I   0   1   4   4
63.00 64.00    IV   5   4   4   9
64.00 65.00     I   0   1   4   4
65.00 66.00    IV   5   4   4   9
66.00 67.00     I   0   1   4   4
67.00 68.00    IV   5   4   4   9
68.00 69.00     I   0   1   4   4
69.00 70.00    IV   5   4   4   9
70.00 73.00     I   0   1   4   4
73.00 74.00    IV   5   4   4   9
74.00 75.00     I   0   1   4   4
75.00 76.00    IV   5   4   4   9
76.00 78.00     I   0   1   4   4
78.00 80.00    IV   5   4   4   9
80.00 82.00     I   0   1   4   4
82.00 84.00    IV   5   4   4   9
84.00 85.00     I   0   1   4   4
85.00 86.00     V   7   5   4  11
86.00 87.00     I   0   1   4   4
87.00 88.00    IV   5   4   4   9
88.00 89.00     I   0   1   4   4
89.00 90.00    IV   5   4   4   9
90.00 91.00     I   0   1   4   4
91.00 92.00    IV   5   4   4   9
92.00 93.00     I   0   1   4   4
93.00 94.00    IV   5   4   4   9
94.00 95.00     I   0   1   4   4
95.00 96.00    IV   5   4   4   9
96.00 97.00     I   0   1   4   4
97.00 98.00    IV   5   4   4   9
98.00 99.00     I   0   1   4   4
99.00 100.00    IV   5   4   4   9
100.00 101.00     I   0   1   4   4
101.00 102.00    IV   5   4   4   9
102.00 103.00     I   0   1   4   4
103.00 104.00    IV   5   4   4   9
104.00 107.00     I   0   1   4   4
107.00 108.00    IV   5   4   4   9
108.00 109.00     I   0   1   4   4
109.00 110.00    IV   5   4   4   9
110.00 111.00     I   0   1   4   4
111.00 112.00    IV   5   4   4   9
112.00 113.00     I   0   1   4   4
113.00 114.00    IV   5   4   4   9
114.00 115.00     I   0   1   4   4
115.00 116.00    IV   5   4   4   9
116.00 117.00     I   0   1   4   4
117.00 118.00    IV   5   4   4   9
118.00 119.00     I   0   1   4   4
119.00 120.00    IV   5   4   4   9
120.00 121.00     I   0   1   4   4
121.00 122.00    IV   5   4   4   9
122.00 123.00     I   0   1   4   4
123.00 124.00    IV   5   4   4   9
124.00 125.00     I   0   1   4   4
125.00 126.00    IV   5   4   4   9
---
