 0.50  1.00    IV   5   4   4   9
 1.00  1.50     V   7   5   4  11
 1.50  2.00    IV   5   4   4   9
 2.00  5.00     I   0   1   4   4
 5.00  6.00     V   7   5   4  11
 6.00  7.00    IV   5   4   4   9
 7.00  8.00   ii7   2   2   4   6
 8.00  9.00     I   0   1   4   4
 9.00 10.00     V   7   5   4  11
10.00 11.00    IV   5   4   4   9
11.00 12.00   ii7   2   2   4   6
12.00 12.50     I   0   1   4   4
12.50 13.00     V   7   5   4  11
13.00 14.00    IV   5   4   4   9
14.00 14.50     I   0   1   4   4
14.50 15.00     V   7   5   4  11
15.00 16.00    IV   5   4   4   9
16.00 19.00     I   0   1   4   4
19.00 20.00   V11   7   5   4  11
20.00 21.00     I   0   1   4   4
21.00 22.00     V   7   5   4  11
22.00 23.00    IV   5   4   4   9
23.00 24.00   ii7   2   2   4   6
24.00 25.00     I   0   1   4   4
25.00 26.00     V   7   5   4  11
26.00 27.00    IV   5   4   4   9
27.00 28.00   ii7   2   2   4   6
28.00 28.50     I   0   1   4   4
28.50 29.00     V   7   5   4  11
29.00 30.00    IV   5   4   4   9
30.00 30.50     I   0   1   4   4
30.50 31.00     V   7   5   4  11
31.00 32.00    IV   5   4   4   9
32.00 34.00     I   0   1   4   4
34.00 41.00     V   7   5   4  11
41.00 42.00     I   0   1   4   4
42.00 42.50     V   7   5   4  11
42.50 43.00    IV   5   4   4   9
43.00 43.50     I   0   1   4   4
43.50 44.00     V   7   5   4  11
44.00 45.00    IV   5   4   4   9
45.00 45.50     I   0   1   4   4
45.50 46.00     V   7   5   4  11
46.00 47.00    IV   5   4   4   9
47.00 47.50     I   0   1   4   4
47.50 48.00     V   7   5   4  11
48.00 50.00    IV   5   4   4   9
50.00 53.00     I   0   1   4   4
53.00 54.00     V   7   5   4  11
54.00 55.00    IV   5   4   4   9
55.00 56.00   ii7   2   2   4   6
56.00 57.00     I   0   1   4   4
57.00 58.00     V   7   5   4  11
58.00 59.00    IV   5   4   4   9
59.00 60.00   ii7   2   2   4   6
60.00 60.50     I   0   1   4   4
60.50 61.00     V   7   5   4  11
61.00 62.00    IV   5   4   4   9
62.00 62.50     I   0   1   4   4
62.50 63.00     V   7   5   4  11
63.00 64.00    IV   5   4   4   9
64.00 64.50     I   0   1   4   4
64.50 65.00     V   7   5   4  11
65.00 66.00    IV   5   4   4   9
66.00 66.50     I   0   1   4   4
66.50 67.00     V   7   5   4  11
67.00 68.00    IV   5   4   4   9
68.00 68.50     I   0   1   4   4
68.50 69.00     V   7   5   4  11
69.00 70.00    IV   5   4   4   9
70.00 70.50     I   0   1   4   4
70.50 71.00     V   7   5   4  11
71.00 72.00    IV   5   4   4   9
72.00 72.50     I   0   1   4   4
72.50 73.00     V   7   5   4  11
73.00 74.00    IV   5   4   4   9
74.00 74.50     I   0   1   4   4
74.50 75.00     V   7   5   4  11
75.00 76.00    IV   5   4   4   9
76.00 77.00     I   0   1   4   4
---
