 0.00  8.00     I   0   1   3   3
 8.00 10.00  IVd7   5   4   3   8
10.00 12.00     I   0   1   3   3
12.00 13.00    V7   7   5   3  10
13.00 14.00  IVd7   5   4   3   8
14.00 20.00     I   0   1   3   3
20.00 22.00  IVd7   5   4   3   8
22.00 24.00     I   0   1   3   3
24.00 25.00    V7   7   5   3  10
25.00 26.00  IVd7   5   4   3   8
26.00 32.00     I   0   1   3   3
32.00 34.00  IVd7   5   4   3   8
34.00 36.00     I   0   1   3   3
36.00 37.00    V7   7   5   3  10
37.00 38.00  IVd7   5   4   3   8
38.00 44.00     I   0   1   3   3
44.00 46.00  IVd7   5   4   3   8
46.00 48.00     I   0   1   3   3
48.00 49.00    V7   7   5   3  10
49.00 50.00  IVd7   5   4   3   8
50.00 56.00     I   0   1   3   3
56.00 58.00  IVd7   5   4   3   8
58.00 60.00     I   0   1   3   3
60.00 61.00    V7   7   5   3  10
61.00 62.00  IVd7   5   4   3   8
62.00 68.00     I   0   1   3   3
68.00 70.00  IVd7   5   4   3   8
70.00 72.00     I   0   1   3   3
72.00 73.00    V7   7   5   3  10
73.00 74.00  IVd7   5   4   3   8
74.00 80.00     I   0   1   3   3
80.00 82.00  IVd7   5   4   3   8
82.00 84.00     I   0   1   3   3
84.00 85.00    V7   7   5   3  10
85.00 86.00  IVd7   5   4   3   8
86.00 92.00     I   0   1   3   3
92.00 94.00  IVd7   5   4   3   8
94.00 96.00     I   0   1   3   3
96.00 97.00    V7   7   5   3  10
97.00 98.00  IVd7   5   4   3   8
98.00 104.00     I   0   1   3   3
104.00 106.00  IVd7   5   4   3   8
106.00 108.00     I   0   1   3   3
108.00 109.00    V7   7   5   3  10
109.00 110.00  IVd7   5   4   3   8
110.00 112.00     I   0   1   3   3
---
