 0.00  2.00    vi   9   6   7   4
 2.00  4.00    II   2   2   7   9
 4.00  6.00    IV   5   4   7   0
 6.00  9.00     I   0   1   7   7
 9.00 10.00    vi   9   6   7   4
10.00 11.00   iii   4   3   7  11
11.00 12.00     V   7   5   7   2
12.00 13.00     I   0   1   7   7
13.00 14.00    vi   9   6   7   4
14.00 15.00   iii   4   3   7  11
15.00 16.00     V   7   5   7   2
16.00 18.00     I   0   1   7   7
18.00 20.00    vi   9   6   7   4
20.00 22.00  iio6   2   2   7   9
22.00 24.00     V   7   5   7   2
24.00 25.00     I   0   1   7   7
25.00 26.00    vi   9   6   7   4
26.00 27.00   iii   4   3   7  11
27.00 28.00     V   7   5   7   2
28.00 29.00     I   0   1   7   7
29.00 30.00    vi   9   6   7   4
30.00 31.00   iii   4   3   7  11
31.00 32.00     V   7   5   7   2
32.00 34.00     I   0   1   7   7
34.00 36.00    vi   9   6   7   4
36.00 38.00  iio6   2   2   7   9
38.00 40.00     V   7   5   7   2
40.00 42.00    vi   9   6   7   4
42.00 45.00    II   2   2   7   9
45.00 46.00     V   7   5   7   2
46.00 49.00     I   0   1   7   7
49.00 50.00    vi   9   6   7   4
50.00 51.00   iii   4   3   7  11
51.00 52.00     V   7   5   7   2
52.00 53.00     I   0   1   7   7
53.00 54.00    vi   9   6   7   4
54.00 55.00   iii   4   3   7  11
55.00 56.00     V   7   5   7   2
56.00 58.00     I   0   1   7   7
58.00 60.00    vi   9   6   7   4
60.00 62.00  iio6   2   2   7   9
62.00 64.00     V   7   5   7   2
64.00 66.00    vi   9   6   7   4
66.00 69.00    II   2   2   7   9
69.00 70.00     V   7   5   7   2
70.00 71.00     I   0   1   7   7
71.00 72.00    vi   9   6   7   4
72.00 73.00  iio6   2   2   7   9
73.00 74.00     V   7   5   7   2
74.00 75.00     I   0   1   7   7
75.00 76.00    vi   9   6   7   4
76.00 77.00  iio6   2   2   7   9
77.00 78.00     V   7   5   7   2
78.00 80.00     I   0   1   7   7
80.00 82.00    vi   9   6   7   4
82.00 84.00    IV   5   4   7   0
84.00 86.00     I   0   1   7   7
---
