 0.00  0.50     I   0   1   2   2
 0.50  1.00    IV   5   4   2   7
 1.00  2.50     I   0   1   2   2
 2.50  3.00    IV   5   4   2   7
 3.00  4.50     I   0   1   2   2
 4.50  5.00    IV   5   4   2   7
 5.00  6.50     I   0   1   2   2
 6.50  7.00    IV   5   4   2   7
 7.00  8.50     I   0   1   2   2
 8.50  9.00    IV   5   4   2   7
 9.00 10.50     I   0   1   2   2
10.50 11.00    IV   5   4   2   7
11.00 12.00     I   0   1   2   2
12.00 12.50    IV   5   4   2   7
12.50 13.00  bIII   3   3   2   5
13.00 14.00    IV   5   4   2   7
14.00 14.50     I   0   1   2   2
14.50 15.00    IV   5   4   2   7
15.00 16.00     I   0   1   2   2
16.00 18.00     V   7   5   2   9
18.00 18.50     I   0   1   2   2
18.50 19.00    IV   5   4   2   7
19.00 20.50     I   0   1   2   2
20.50 21.00    IV   5   4   2   7
21.00 22.50     I   0   1   2   2
22.50 23.00    IV   5   4   2   7
23.00 24.00     I   0   1   2   2
24.00 24.50    IV   5   4   2   7
24.50 25.00  bIII   3   3   2   5
25.00 26.00    IV   5   4   2   7
26.00 26.50     I   0   1   2   2
26.50 27.00    IV   5   4   2   7
27.00 28.00     I   0   1   2   2
28.00 30.00     V   7   5   2   9
30.00 30.50     I   0   1   2   2
30.50 31.00    IV   5   4   2   7
31.00 32.50     I   0   1   2   2
32.50 33.00    IV   5   4   2   7
33.00 34.50     I   0   1   2   2
34.50 35.00    IV   5   4   2   7
35.00 36.00     I   0   1   2   2
36.00 36.50    IV   5   4   2   7
36.50 37.00  bIII   3   3   2   5
37.00 38.00    IV   5   4   2   7
38.00 38.50     I   0   1   2   2
38.50 39.00    IV   5   4   2   7
39.00 40.00     I   0   1   2   2
40.00 42.00     V   7   5   2   9
42.00 43.50     I   0   1   2   2
43.50 44.00    IV   5   4   2   7
44.00 45.50     I   0   1   2   2
45.50 46.00    IV   5   4   2   7
46.00 47.00     I   0   1   2   2
47.00 47.50    IV   5   4   2   7
47.50 48.00  bIII   3   3   2   5
48.00 49.00    IV   5   4   2   7
49.00 49.50     I   0   1   2   2
49.50 50.00    IV   5   4   2   7
50.00 51.00     I   0   1   2   2
51.00 53.00     V   7   5   2   9
53.00 53.50     I   0   1   2   2
53.50 54.00    IV   5   4   2   7
54.00 55.50     I   0   1   2   2
55.50 56.00    IV   5   4   2   7
56.00 57.50     I   0   1   2   2
57.50 58.00    IV   5   4   2   7
58.00 59.00     I   0   1   2   2
59.00 59.50    IV   5   4   2   7
59.50 60.00  bIII   3   3   2   5
60.00 61.00    IV   5   4   2   7
61.00 61.50     I   0   1   2   2
61.50 62.00    IV   5   4   2   7
62.00 63.00     I   0   1   2   2
63.00 65.00     V   7   5   2   9
65.00 65.50     I   0   1   2   2
65.50 66.00    IV   5   4   2   7
66.00 67.50     I   0   1   2   2
67.50 68.00    IV   5   4   2   7
68.00 69.50     I   0   1   2   2
69.50 70.00    IV   5   4   2   7
70.00 71.00     I   0   1   2   2
71.00 71.50    IV   5   4   2   7
71.50 72.00  bIII   3   3   2   5
72.00 73.00    IV   5   4   2   7
73.00 73.50     I   0   1   2   2
73.50 74.00    IV   5   4   2   7
74.00 75.00     I   0   1   2   2
75.00 77.00     V   7   5   2   9
77.00 77.50     I   0   1   2   2
77.50 78.00    IV   5   4   2   7
78.00 79.50     I   0   1   2   2
79.50 80.00    IV   5   4   2   7
80.00 81.00     I   0   1   2   2
81.00 81.50    IV   5   4   2   7
81.50 82.00  bIII   3   3   2   5
82.00 83.00    IV   5   4   2   7
83.00 83.50     I   0   1   2   2
83.50 84.00    IV   5   4   2   7
84.00 85.00     I   0   1   2   2
85.00 87.00     V   7   5   2   9
87.00 88.00     I   0   1   2   2
---
