 0.00  1.00     I   0   1   5   5
 1.00  2.00    vi   9   6   5   2
 2.00  3.00     I   0   1   5   5
 3.00  4.00    vi   9   6   5   2
 4.00  5.00     I   0   1   5   5
 5.00  6.00    vi   9   6   5   2
 6.00  7.00     I   0   1   5   5
 7.00  8.00    vi   9   6   5   2
 8.00  9.00     I   0   1   5   5
 9.00 10.00    vi   9   6   5   2
10.00 11.00     I   0   1   5   5
11.00 12.00    vi   9   6   5   2
12.00 13.00     I   0   1   5   5
13.00 14.00    vi   9   6   5   2
14.00 15.00     I   0   1   5   5
15.00 16.00    vi   9   6   5   2
16.00 17.00     I   0   1   5   5
17.00 18.00    vi   9   6   5   2
18.00 19.00     I   0   1   5   5
19.00 20.00    vi   9   6   5   2
20.00 21.00     I   0   1   5   5
21.00 22.00    vi   9   6   5   2
22.00 23.00     I   0   1   5   5
23.00 24.00    vi   9   6   5   2
24.00 26.00     I   0   1   5   5
26.00 28.00    vi   9   6   5   2
28.00 30.00     I   0   1   5   5
30.00 32.00    vi   9   6   5   2
32.00 34.00     I   0   1   5   5
34.00 36.00    vi   9   6   5   2
36.00 38.00     I   0   1   5   5
38.00 40.00    vi   9   6   5   2
40.00 57.00     I   0   1   5   5
57.00 58.00    vi   9   6   5   2
58.00 59.00     I   0   1   5   5
59.00 60.00    vi   9   6   5   2
60.00 61.00     I   0   1   5   5
61.00 62.00    vi   9   6   5   2
62.00 63.00     I   0   1   5   5
63.00 64.00    vi   9   6   5   2
64.00 65.00     I   0   1   5   5
65.00 66.00    vi   9   6   5   2
66.00 67.00     I   0   1   5   5
67.00 68.00    vi   9   6   5   2
68.00 69.00     I   0   1   5   5
69.00 70.00    vi   9   6   5   2
70.00 73.00     I   0   1   5   5
73.00 74.00    IV   5   4   5  10
74.00 75.00     I   0   1   5   5
75.00 76.00    vi   9   6   5   2
76.00 77.00     I   0   1   5   5
77.00 78.00    vi   9   6   5   2
78.00 79.00     I   0   1   5   5
79.00 80.00    vi   9   6   5   2
80.00 81.00     I   0   1   5   5
81.00 82.00    vi   9   6   5   2
82.00 83.00     I   0   1   5   5
83.00 84.00    vi   9   6   5   2
84.00 85.00     I   0   1   5   5
85.00 86.00    vi   9   6   5   2
86.00 87.00     I   0   1   5   5
87.00 88.00    vi   9   6   5   2
88.00 89.00     I   0   1   5   5
89.00 90.00    vi   9   6   5   2
90.00 91.00     I   0   1   5   5
91.00 92.00    vi   9   6   5   2
92.00 93.00     I   0   1   5   5
93.00 94.00    vi   9   6   5   2
94.00 95.00     I   0   1   5   5
95.00 96.00    vi   9   6   5   2
96.00 97.00     I   0   1   5   5
97.00 98.00    vi   9   6   5   2
98.00 99.00     I   0   1   5   5
99.00 100.00    vi   9   6   5   2
100.00 101.00     I   0   1   5   5
101.00 102.00    vi   9   6   5   2
102.00 103.00     I   0   1   5   5
103.00 104.00    vi   9   6   5   2
104.00 105.00     I   0   1   5   5
105.00 106.00    vi   9   6   5   2
106.00 107.00     I   0   1   5   5
107.00 108.00    vi   9   6   5   2
108.00 109.00     I   0   1   5   5
109.00 110.00    vi   9   6   5   2
110.00 111.00     I   0   1   5   5
111.00 112.00    vi   9   6   5   2
112.00 113.00     I   0   1   5   5
113.00 114.00    vi   9   6   5   2
114.00 115.00     I   0   1   5   5
115.00 116.00    vi   9   6   5   2
116.00 117.00     I   0   1   5   5
117.00 118.00    vi   9   6   5   2
118.00 119.00     I   0   1   5   5
119.00 120.00    vi   9   6   5   2
120.00 121.00     I   0   1   5   5
121.00 122.00    vi   9   6   5   2
122.00 123.00     I   0   1   5   5
123.00 124.00    vi   9   6   5   2
124.00 125.00     I   0   1   5   5
125.00 126.00    vi   9   6   5   2
126.00 127.00     I   0   1   5   5
127.00 128.00    vi   9   6   5   2
128.00 129.00     I   0   1   5   5
129.00 130.00    vi   9   6   5   2
130.00 131.00     I   0   1   5   5
131.00 132.00    vi   9   6   5   2
---
