 0.00  0.50     i   0   1   5   5
 0.50  1.00    IV   5   4   5  10
 1.00  1.50  bIII   3   3   5   8
 1.50  2.00   bVI   8   6   5   1
 2.00  2.50     i   0   1   5   5
 2.50  3.00    IV   5   4   5  10
 3.00  3.50  bIII   3   3   5   8
 3.50  4.00   bVI   8   6   5   1
 4.00  4.50     i   0   1   5   5
 4.50  5.00    IV   5   4   5  10
 5.00  5.50  bIII   3   3   5   8
 5.50  6.00   bVI   8   6   5   1
 6.00  6.50     i   0   1   5   5
 6.50  7.00    IV   5   4   5  10
 7.00  7.50  bIII   3   3   5   8
 7.50  8.00   bVI   8   6   5   1
 8.00  8.50     i   0   1   5   5
 8.50  9.00    IV   5   4   5  10
 9.00  9.50  bIII   3   3   5   8
 9.50 10.00   bVI   8   6   5   1
10.00 10.50     i   0   1   5   5
10.50 11.00    IV   5   4   5  10
11.00 11.50  bIII   3   3   5   8
11.50 12.00   bVI   8   6   5   1
12.00 12.50     i   0   1   5   5
12.50 13.00    IV   5   4   5  10
13.00 13.50  bIII   3   3   5   8
13.50 14.00   bVI   8   6   5   1
14.00 14.50     i   0   1   5   5
14.50 15.00    IV   5   4   5  10
15.00 15.50  bIII   3   3   5   8
15.50 16.00   bVI   8   6   5   1
16.00 16.50     i   0   1   5   5
16.50 17.00    IV   5   4   5  10
17.00 17.50  bIII   3   3   5   8
17.50 18.00   bVI   8   6   5   1
18.00 18.50     i   0   1   5   5
18.50 19.00    IV   5   4   5  10
19.00 19.50  bIII   3   3   5   8
19.50 20.00   bVI   8   6   5   1
20.00 20.50     i   0   1   5   5
20.50 21.00    IV   5   4   5  10
21.00 21.50  bIII   3   3   5   8
21.50 22.00   bVI   8   6   5   1
22.00 22.50     i   0   1   5   5
22.50 23.00    IV   5   4   5  10
23.00 23.50  bIII   3   3   5   8
23.50 24.00   bVI   8   6   5   1
24.00 24.50     i   0   1   5   5
24.50 25.00    IV   5   4   5  10
25.00 25.50  bIII   3   3   5   8
25.50 26.00   bVI   8   6   5   1
26.00 26.50     i   0   1   5   5
26.50 27.00    IV   5   4   5  10
27.00 27.50  bIII   3   3   5   8
27.50 28.00   bVI   8   6   5   1
28.00 28.50     i   0   1   5   5
28.50 29.00    IV   5   4   5  10
29.00 29.50  bIII   3   3   5   8
29.50 30.00   bVI   8   6   5   1
30.00 30.50     i   0   1   5   5
30.50 31.00    IV   5   4   5  10
31.00 31.50  bIII   3   3   5   8
31.50 32.00   bVI   8   6   5   1
32.00 32.50     i   0   1   5   5
32.50 33.00    IV   5   4   5  10
33.00 33.50  bIII   3   3   5   8
33.50 34.00   bVI   8   6   5   1
34.00 34.50     i   0   1   5   5
34.50 35.00    IV   5   4   5  10
35.00 35.50  bIII   3   3   5   8
35.50 36.00   bVI   8   6   5   1
36.00 36.50     i   0   1   5   5
36.50 37.00    IV   5   4   5  10
37.00 37.50  bIII   3   3   5   8
37.50 38.00   bVI   8   6   5   1
38.00 38.50     i   0   1   5   5
38.50 39.00    IV   5   4   5  10
39.00 39.50  bIII   3   3   5   8
39.50 40.00   bVI   8   6   5   1
40.00 40.50     i   0   1   5   5
40.50 41.00    IV   5   4   5  10
41.00 41.50  bIII   3   3   5   8
41.50 42.00   bVI   8   6   5   1
42.00 42.50     i   0   1   5   5
42.50 43.00    IV   5   4   5  10
43.00 43.50  bIII   3   3   5   8
43.50 44.00   bVI   8   6   5   1
44.00 44.50     i   0   1   5   5
44.50 45.00   bII   1   2   5   6
45.00 45.50   i64   0   1   5   5
45.50 46.00    IV   5   4   5  10
46.00 46.50     i   0   1   5   5
46.50 47.00   bII   1   2   5   6
47.00 47.50   i64   0   1   5   5
47.50 48.00    IV   5   4   5  10
48.00 48.50     i   0   1   5   5
48.50 49.00    IV   5   4   5  10
49.00 49.50  bIII   3   3   5   8
49.50 50.00   bVI   8   6   5   1
50.00 50.50     i   0   1   5   5
50.50 51.00    IV   5   4   5  10
51.00 51.50  bIII   3   3   5   8
51.50 52.00   bVI   8   6   5   1
52.00 52.50     i   0   1   5   5
52.50 53.00    IV   5   4   5  10
53.00 53.50  bIII   3   3   5   8
53.50 54.00   bVI   8   6   5   1
54.00 54.50     i   0   1   5   5
54.50 55.00    IV   5   4   5  10
55.00 55.50  bIII   3   3   5   8
55.50 56.00   bVI   8   6   5   1
56.00 56.50     i   0   1   5   5
56.50 57.00    IV   5   4   5  10
57.00 57.50  bIII   3   3   5   8
57.50 58.00   bVI   8   6   5   1
58.00 58.50     i   0   1   5   5
58.50 59.00    IV   5   4   5  10
59.00 59.50  bIII   3   3   5   8
59.50 60.00   bVI   8   6   5   1
60.00 60.50     i   0   1   5   5
60.50 61.00    IV   5   4   5  10
61.00 61.50  bIII   3   3   5   8
61.50 62.00   bVI   8   6   5   1
62.00 62.50     i   0   1   5   5
62.50 63.00    IV   5   4   5  10
63.00 63.50  bIII   3   3   5   8
63.50 64.00   bVI   8   6   5   1
64.00 64.50     i   0   1   5   5
64.50 65.00    IV   5   4   5  10
65.00 65.50  bIII   3   3   5   8
65.50 66.00   bVI   8   6   5   1
66.00 66.50     i   0   1   5   5
66.50 67.00    IV   5   4   5  10
67.00 67.50  bIII   3   3   5   8
67.50 68.00   bVI   8   6   5   1
68.00 68.50     i   0   1   5   5
68.50 69.00    IV   5   4   5  10
69.00 69.50  bIII   3   3   5   8
69.50 70.00   bVI   8   6   5   1
70.00 70.50     i   0   1   5   5
70.50 71.00    IV   5   4   5  10
71.00 71.50  bIII   3   3   5   8
71.50 72.00   bVI   8   6   5   1
72.00 72.50     i   0   1   5   5
72.50 73.00    IV   5   4   5  10
73.00 73.50  bIII   3   3   5   8
73.50 74.00   bVI   8   6   5   1
74.00 74.50     i   0   1   5   5
74.50 75.00    IV   5   4   5  10
75.00 75.50  bIII   3   3   5   8
75.50 76.00   bVI   8   6   5   1
76.00 76.50     i   0   1   5   5
76.50 77.00    IV   5   4   5  10
77.00 77.50  bIII   3   3   5   8
77.50 78.00   bVI   8   6   5   1
78.00 78.50     i   0   1   5   5
78.50 79.00    IV   5   4   5  10
79.00 79.50  bIII   3   3   5   8
79.50 80.00   bVI   8   6   5   1
80.00 80.50     i   0   1   5   5
80.50 81.00   bII   1   2   5   6
81.00 81.50   i64   0   1   5   5
81.50 82.00    IV   5   4   5  10
82.00 82.50     i   0   1   5   5
82.50 83.00   bII   1   2   5   6
83.00 83.50   i64   0   1   5   5
83.50 84.00    IV   5   4   5  10
84.00 84.50     i   0   1   5   5
84.50 85.00    IV   5   4   5  10
85.00 85.50  bIII   3   3   5   8
85.50 86.00   bVI   8   6   5   1
86.00 86.50     i   0   1   5   5
86.50 87.00    IV   5   4   5  10
87.00 87.50  bIII   3   3   5   8
87.50 88.00   bVI   8   6   5   1
88.00 88.50     i   0   1   5   5
88.50 89.00    IV   5   4   5  10
89.00 89.50  bIII   3   3   5   8
89.50 90.00   bVI   8   6   5   1
90.00 90.50     i   0   1   5   5
90.50 91.00    IV   5   4   5  10
91.00 91.50  bIII   3   3   5   8
91.50 92.00   bVI   8   6   5   1
92.00 92.50     i   0   1   5   5
92.50 93.00    IV   5   4   5  10
93.00 93.50  bIII   3   3   5   8
93.50 94.00   bVI   8   6   5   1
94.00 94.50     i   0   1   5   5
94.50 95.00    IV   5   4   5  10
95.00 95.50  bIII   3   3   5   8
95.50 96.00   bVI   8   6   5   1
96.00 96.50     i   0   1   5   5
96.50 97.00    IV   5   4   5  10
97.00 97.50  bIII   3   3   5   8
97.50 98.00   bVI   8   6   5   1
98.00 98.50     i   0   1   5   5
98.50 99.00    IV   5   4   5  10
99.00 99.50  bIII   3   3   5   8
99.50 100.00   bVI   8   6   5   1
100.00 100.50     i   0   1   5   5
100.50 101.00    IV   5   4   5  10
101.00 101.50  bIII   3   3   5   8
101.50 102.00   bVI   8   6   5   1
102.00 102.50     i   0   1   5   5
102.50 103.00    IV   5   4   5  10
103.00 103.50  bIII   3   3   5   8
103.50 104.00   bVI   8   6   5   1
104.00 104.50     i   0   1   5   5
104.50 105.00    IV   5   4   5  10
105.00 105.50  bIII   3   3   5   8
105.50 106.00   bVI   8   6   5   1
106.00 106.50     i   0   1   5   5
106.50 107.00    IV   5   4   5  10
107.00 107.50  bIII   3   3   5   8
107.50 108.00   bVI   8   6   5   1
108.00 108.50     i   0   1   5   5
108.50 109.00    IV   5   4   5  10
109.00 109.50  bIII   3   3   5   8
109.50 110.00   bVI   8   6   5   1
110.00 110.50     i   0   1   5   5
110.50 111.00    IV   5   4   5  10
111.00 111.50  bIII   3   3   5   8
111.50 112.00   bVI   8   6   5   1
112.00 112.50     i   0   1   5   5
112.50 113.00    IV   5   4   5  10
113.00 113.50  bIII   3   3   5   8
113.50 114.00   bVI   8   6   5   1
114.00 114.50     i   0   1   5   5
114.50 115.00    IV   5   4   5  10
115.00 115.50  bIII   3   3   5   8
115.50 116.00   bVI   8   6   5   1
116.00 116.50     i   0   1   5   5
116.50 117.00    IV   5   4   5  10
117.00 117.50  bIII   3   3   5   8
117.50 118.00   bVI   8   6   5   1
118.00 118.50     i   0   1   5   5
118.50 119.00    IV   5   4   5  10
119.00 119.50  bIII   3   3   5   8
119.50 120.00   bVI   8   6   5   1
120.00 120.50     i   0   1   5   5
120.50 121.00    IV   5   4   5  10
121.00 121.50  bIII   3   3   5   8
121.50 122.00   bVI   8   6   5   1
122.00 122.50     i   0   1   5   5
122.50 123.00    IV   5   4   5  10
123.00 123.50  bIII   3   3   5   8
123.50 124.00   bVI   8   6   5   1
124.00 124.50     i   0   1   5   5
124.50 125.00    IV   5   4   5  10
125.00 125.50  bIII   3   3   5   8
125.50 126.00   bVI   8   6   5   1
126.00 126.50     i   0   1   5   5
126.50 127.00    IV   5   4   5  10
127.00 127.50  bIII   3   3   5   8
127.50 128.00   bVI   8   6   5   1
128.00 128.50     i   0   1   5   5
128.50 129.00    IV   5   4   5  10
129.00 129.50  bIII   3   3   5   8
129.50 130.00   bVI   8   6   5   1
130.00 130.50     i   0   1   5   5
130.50 131.00    IV   5   4   5  10
131.00 131.50  bIII   3   3   5   8
131.50 132.00   bVI   8   6   5   1
132.00 132.50     i   0   1   5   5
132.50 133.00    IV   5   4   5  10
133.00 133.50  bIII   3   3   5   8
133.50 134.00   bVI   8   6   5   1
134.00 134.50     i   0   1   5   5
134.50 135.00    IV   5   4   5  10
135.00 135.50  bIII   3   3   5   8
135.50 136.00   bVI   8   6   5   1
136.00 136.50     i   0   1   5   5
136.50 137.00    IV   5   4   5  10
137.00 137.50  bIII   3   3   5   8
137.50 138.00   bVI   8   6   5   1
138.00 138.50     i   0   1   5   5
138.50 139.00    IV   5   4   5  10
139.00 139.50  bIII   3   3   5   8
139.50 140.00   bVI   8   6   5   1
140.00 141.00     i   0   1   5   5
---
