 0.00  0.50     i   0   1   9   9
 0.50  1.00    V6   7   5   9   4
 1.00  1.50   i42   0   1   9   9
 1.50  2.00   IV6   5   4   9   2
 2.00  3.00  bVI7   8   6   9   5
 3.00  3.25 bVII6  10   7   9   7
 3.25  4.50     i   0   1   9   9
 4.50  5.00    V6   7   5   9   4
 5.00  5.50   i42   0   1   9   9
 5.50  6.00   IV6   5   4   9   2
 6.00  7.00  bVI7   8   6   9   5
 7.00  7.25 bVII6  10   7   9   7
 7.25  8.00     i   0   1   9   9
 8.00  8.50  bIII   3   3   9   0
 8.50  9.00    IV   5   4   9   2
 9.00  9.50  bVI7   8   6   9   5
 9.50 10.00     i   0   1   9   9
10.00 10.50  bIII   3   3   9   0
10.50 11.00  bVII  10   7   9   7
11.00 12.00    IV   5   4   9   2
12.00 12.50  bIII   3   3   9   0
12.50 13.00    IV   5   4   9   2
13.00 13.50  bVI7   8   6   9   5
13.50 14.00     i   0   1   9   9
14.00 14.50  bIII   3   3   9   0
14.50 15.00    IV   5   4   9   2
15.00 16.00   bVI   8   6   9   5
16.00 16.50     i   0   1   9   9
16.50 17.00    V6   7   5   9   4
17.00 17.50   i42   0   1   9   9
17.50 18.00   IV6   5   4   9   2
18.00 19.00  bVI7   8   6   9   5
19.00 19.25 bVII6  10   7   9   7
19.25 20.50     i   0   1   9   9
20.50 21.00    V6   7   5   9   4
21.00 21.50   i42   0   1   9   9
21.50 22.00   IV6   5   4   9   2
22.00 23.00  bVI7   8   6   9   5
23.00 23.25 bVII6  10   7   9   7
23.25 24.00     i   0   1   9   9
24.00 24.50  bIII   3   3   9   0
24.50 25.00    IV   5   4   9   2
25.00 25.50  bVI7   8   6   9   5
25.50 26.00     i   0   1   9   9
26.00 26.50  bIII   3   3   9   0
26.50 27.00  bVII  10   7   9   7
27.00 28.00    IV   5   4   9   2
28.00 28.50  bIII   3   3   9   0
28.50 29.00    IV   5   4   9   2
29.00 29.50  bVI7   8   6   9   5
29.50 30.00     i   0   1   9   9
30.00 30.50  bIII   3   3   9   0
30.50 31.00    IV   5   4   9   2
31.00 32.00   bVI   8   6   9   5
32.00 32.50     i   0   1   9   9
32.50 33.00    V6   7   5   9   4
33.00 33.50   i42   0   1   9   9
33.50 34.00   IV6   5   4   9   2
34.00 35.00  bVI7   8   6   9   5
35.00 35.25 bVII6  10   7   9   7
35.25 36.50     i   0   1   9   9
36.50 37.00    V6   7   5   9   4
37.00 37.50   i42   0   1   9   9
37.50 38.00   IV6   5   4   9   2
38.00 39.00  bVI7   8   6   9   5
39.00 39.25 bVII6  10   7   9   7
39.25 41.00     i   0   1   9   9
41.00 42.00    IV   5   4   9   2
42.00 43.00     i   0   1   9   9
43.00 44.00    IV   5   4   9   2
44.00 45.00     i   0   1   9   9
45.00 46.00    IV   5   4   9   2
46.00 47.00     i   0   1   9   9
47.00 48.00    IV   5   4   9   2
48.00 48.50  bIII   3   3   9   0
48.50 49.00 bVII6  10   7   9   7
49.00 50.00     i   0   1   9   9
50.00 50.50  bIII   3   3   9   0
50.50 51.00 bVII6  10   7   9   7
51.00 51.25   bVI   8   6   9   5
51.25 52.00     i   0   1   9   9
52.00 52.50  bIII   3   3   9   0
52.50 53.00 bVII6  10   7   9   7
53.00 54.00     i   0   1   9   9
54.00 54.50  bIII   3   3   9   0
54.50 55.00 bVII6  10   7   9   7
55.00 55.25   bVI   8   6   9   5
55.25 56.00     i   0   1   9   9
56.00 56.50  bIII   3   3   9   0
56.50 57.00 bVII6  10   7   9   7
57.00 58.00     i   0   1   9   9
58.00 59.00    IV   5   4   9   2
59.00 60.00     i   0   1   9   9
60.00 61.00    IV   5   4   9   2
61.00 62.00     i   0   1   9   9
62.00 63.00    IV   5   4   9   2
63.00 64.00     i   0   1   9   9
64.00 65.00    IV   5   4   9   2
65.00 65.50  bIII   3   3   9   0
65.50 66.00 bVII6  10   7   9   7
66.00 67.00     i   0   1   9   9
67.00 67.50  bIII   3   3   9   0
67.50 68.00 bVII6  10   7   9   7
68.00 68.25   bVI   8   6   9   5
68.25 69.00     i   0   1   9   9
69.00 69.50  bIII   3   3   9   0
69.50 70.00 bVII6  10   7   9   7
70.00 71.00     i   0   1   9   9
71.00 71.50  bIII   3   3   9   0
71.50 72.00 bVII6  10   7   9   7
72.00 72.25   bVI   8   6   9   5
72.25 73.00     i   0   1   9   9
73.00 73.50  bIII   3   3   9   0
73.50 74.00 bVII6  10   7   9   7
74.00 75.00     i   0   1   9   9
75.00 76.00    IV   5   4   9   2
76.00 77.00     i   0   1   9   9
77.00 78.00    IV   5   4   9   2
78.00 79.00     i   0   1   9   9
79.00 80.00    IV   5   4   9   2
80.00 81.00     i   0   1   9   9
81.00 82.00    IV   5   4   9   2
82.00 82.50  bIII   3   3   9   0
82.50 83.00 bVII6  10   7   9   7
83.00 84.00     i   0   1   9   9
84.00 84.50  bIII   3   3   9   0
84.50 85.00 bVII6  10   7   9   7
85.00 85.25   bVI   8   6   9   5
85.25 86.00     i   0   1   9   9
86.00 86.50  bIII   3   3   9   0
86.50 87.00 bVII6  10   7   9   7
87.00 88.00     i   0   1   9   9
88.00 88.50  bIII   3   3   9   0
88.50 89.00 bVII6  10   7   9   7
89.00 89.25   bVI   8   6   9   5
89.25 90.00     i   0   1   9   9
90.00 90.50  bIII   3   3   9   0
90.50 91.00 bVII6  10   7   9   7
91.00 92.00     i   0   1   9   9
92.00 93.00    IV   5   4   9   2
93.00 94.00     i   0   1   9   9
94.00 95.00    IV   5   4   9   2
95.00 96.00     i   0   1   9   9
96.00 97.00    IV   5   4   9   2
97.00 98.00     i   0   1   9   9
98.00 99.00    IV   5   4   9   2
99.00 99.50  bIII   3   3   9   0
99.50 100.00 bVII6  10   7   9   7
100.00 101.00     i   0   1   9   9
101.00 101.50  bIII   3   3   9   0
101.50 102.00 bVII6  10   7   9   7
102.00 102.25   bVI   8   6   9   5
102.25 103.00     i   0   1   9   9
103.00 103.50  bIII   3   3   9   0
103.50 104.00 bVII6  10   7   9   7
104.00 105.00     i   0   1   9   9
105.00 105.50  bIII   3   3   9   0
105.50 106.00 bVII6  10   7   9   7
106.00 106.25   bVI   8   6   9   5
106.25 107.00     i   0   1   9   9
107.00 107.50  bIII   3   3   9   0
107.50 108.00 bVII6  10   7   9   7
108.00 109.25    IV   5   4   9   2
109.25 109.50  bVII  10   7   9   7
109.50 109.75    IV   5   4   9   2
109.75 110.00  bVII  10   7   9   7
110.00 110.25    IV   5   4   9   2
110.25 110.75  bVII  10   7   9   7
110.75 111.00    IV   5   4   9   2
111.00 113.00  bIII   3   3   9   0
113.00 113.25    IV   5   4   9   2
113.25 113.50  bVII  10   7   9   7
113.50 113.75    IV   5   4   9   2
113.75 114.00  bVII  10   7   9   7
114.00 114.25    IV   5   4   9   2
114.25 114.75  bVII  10   7   9   7
114.75 115.00    IV   5   4   9   2
115.00 116.00  bIII   3   3   9   0
116.00 117.00 bVII6  10   7   9   7
117.00 117.50     i   0   1   9   9
117.50 118.00  bVII  10   7   9   7
118.00 119.00   bVI   8   6   9   5
119.00 119.50     i   0   1   9   9
119.50 120.00  bVII  10   7   9   7
120.00 121.00   bVI   8   6   9   5
121.00 121.50     i   0   1   9   9
121.50 122.00  bVII  10   7   9   7
122.00 123.00   bVI   8   6   9   5
123.00 123.50     i   0   1   9   9
123.50 124.00  bVII  10   7   9   7
124.00 125.00   bVI   8   6   9   5
125.00 125.50     i   0   1   9   9
125.50 126.00  bVII  10   7   9   7
126.00 127.00   bVI   8   6   9   5
127.00 127.50     i   0   1   9   9
127.50 128.00  bVII  10   7   9   7
128.00 129.00   bVI   8   6   9   5
129.00 129.50     i   0   1   9   9
129.50 130.00  bVII  10   7   9   7
130.00 131.00   bVI   8   6   9   5
131.00 131.50     i   0   1   9   9
131.50 132.00  bVII  10   7   9   7
132.00 133.00   bVI   8   6   9   5
133.00 133.50     i   0   1   9   9
133.50 134.00  bVII  10   7   9   7
134.00 135.00   bVI   8   6   9   5
135.00 135.50     i   0   1   9   9
135.50 136.00  bVII  10   7   9   7
136.00 137.00   bVI   8   6   9   5
137.00 137.50     i   0   1   9   9
137.50 138.00  bVII  10   7   9   7
138.00 139.00   bVI   8   6   9   5
139.00 139.50     i   0   1   9   9
139.50 140.00  bVII  10   7   9   7
140.00 141.00   bVI   8   6   9   5
141.00 141.50     i   0   1   9   9
141.50 142.00  bVII  10   7   9   7
142.00 143.00   bVI   8   6   9   5
143.00 143.50     i   0   1   9   9
143.50 144.00  bVII  10   7   9   7
144.00 145.00   bVI   8   6   9   5
145.00 145.50     i   0   1   9   9
145.50 146.00  bVII  10   7   9   7
146.00 147.00   bVI   8   6   9   5
147.00 147.50     i   0   1   9   9
147.50 148.00  bVII  10   7   9   7
148.00 149.00   bVI   8   6   9   5
149.00 149.50     i   0   1   9   9
149.50 150.00  bVII  10   7   9   7
150.00 151.00   bVI   8   6   9   5
151.00 151.50     i   0   1   9   9
151.50 152.00  bVII  10   7   9   7
152.00 153.00   bVI   8   6   9   5
153.00 153.50     i   0   1   9   9
153.50 154.00  bVII  10   7   9   7
154.00 155.00   bVI   8   6   9   5
155.00 155.50     i   0   1   9   9
155.50 156.00  bVII  10   7   9   7
156.00 157.00   bVI   8   6   9   5
157.00 157.50     i   0   1   9   9
157.50 158.00  bVII  10   7   9   7
158.00 159.00   bVI   8   6   9   5
159.00 159.50     i   0   1   9   9
159.50 160.00  bVII  10   7   9   7
160.00 161.00   bVI   8   6   9   5
161.00 161.50     i   0   1   9   9
161.50 162.00  bVII  10   7   9   7
162.00 164.00   bVI   8   6   9   5
164.00 165.00     i   0   1   9   9
---
