 0.00  2.00     I   0   1   9   9
 2.00  4.00    vi   9   6   9   6
 4.00  5.00    IV   5   4   9   2
 5.00  6.00     V   7   5   9   4
 6.00 10.00     I   0   1   9   9
10.00 12.00    vi   9   6   9   6
12.00 13.00    IV   5   4   9   2
13.00 14.00     V   7   5   9   4
14.00 18.00     I   0   1   9   9
18.00 20.00    vi   9   6   9   6
20.00 21.00    IV   5   4   9   2
21.00 22.00     V   7   5   9   4
22.00 26.00     I   0   1   9   9
26.00 28.00    vi   9   6   9   6
28.00 29.00    IV   5   4   9   2
29.00 30.00     V   7   5   9   4
30.00 34.00     I   0   1   9   9
34.00 36.00    vi   9   6   9   6
36.00 37.00    IV   5   4   9   2
37.00 38.00     V   7   5   9   4
38.00 42.00     I   0   1   9   9
42.00 44.00    vi   9   6   9   6
44.00 45.00    IV   5   4   9   2
45.00 46.00     V   7   5   9   4
46.00 50.00     I   0   1   9   9
50.00 52.00    vi   9   6   9   6
52.00 53.00    IV   5   4   9   2
53.00 54.00     V   7   5   9   4
54.00 58.00     I   0   1   9   9
58.00 60.00    vi   9   6   9   6
60.00 61.00    IV   5   4   9   2
61.00 62.00     V   7   5   9   4
62.00 66.00     I   0   1   9   9
66.00 68.00    vi   9   6   9   6
68.00 69.00    IV   5   4   9   2
69.00 70.00     V   7   5   9   4
70.00 74.00     I   0   1   9   9
74.00 76.00    vi   9   6   9   6
76.00 77.00    IV   5   4   9   2
77.00 78.00     V   7   5   9   4
78.00 82.00     I   0   1   9   9
82.00 84.00    vi   9   6   9   6
84.00 85.00    IV   5   4   9   2
85.00 86.00     V   7   5   9   4
86.00 88.00     I   0   1   9   9
---
