 0.00  2.00     V   7   5  10   5
 2.00  2.50    ii   2   2  10   0
 2.50  3.00     I   0   1  10  10
 3.00  3.50    IV   5   4  10   3
 3.50  6.00     I   0   1  10  10
 6.00  8.00     v   7   5  10   5
 8.00 10.00 V7/ii   9   6  10   7
10.00 11.00    IV   5   4  10   3
11.00 12.00  V/ii   9   6  10   7
12.00 13.00    IV   5   4  10   3
13.00 14.00     I   0   1  10  10
14.00 16.00     V   7   5  10   5
16.00 16.50    ii   2   2  10   0
16.50 17.00   vi6   9   6  10   7
17.00 18.50    IV   5   4  10   3
18.50 19.00     V   7   5  10   5
19.00 19.50     I   0   1  10  10
19.50 20.00    vi   9   6  10   7
20.00 20.50    IV   5   4  10   3
20.50 21.00     V   7   5  10   5
21.00 21.50    IV   5   4  10   3
21.50 24.00     I   0   1  10  10
24.00 26.00     v   7   5  10   5
26.00 28.00 V7/ii   9   6  10   7
28.00 29.00    IV   5   4  10   3
29.00 30.00  V/ii   9   6  10   7
30.00 31.00    IV   5   4  10   3
31.00 33.00     I   0   1  10  10
33.00 35.00     V   7   5  10   5
35.00 35.50    ii   2   2  10   0
35.50 36.00   vi6   9   6  10   7
36.00 37.50    IV   5   4  10   3
37.50 38.00     V   7   5  10   5
38.00 38.50     I   0   1  10  10
38.50 39.00    vi   9   6  10   7
39.00 39.50    IV   5   4  10   3
39.50 40.00     V   7   5  10   5
40.00 40.50    IV   5   4  10   3
40.50 43.00     I   0   1  10  10
43.00 45.00     v   7   5  10   5
45.00 47.00 V7/ii   9   6  10   7
47.00 48.00    IV   5   4  10   3
48.00 49.00  V/ii   9   6  10   7
49.00 50.00    IV   5   4  10   3
50.00 52.00     I   0   1  10  10
52.00 54.00     V   7   5  10   5
54.00 54.50    ii   2   2  10   0
54.50 55.00   vi6   9   6  10   7
55.00 56.50    IV   5   4  10   3
56.50 57.00     V   7   5  10   5
57.00 57.50     I   0   1  10  10
57.50 58.00    vi   9   6  10   7
58.00 58.50    IV   5   4  10   3
58.50 59.00     V   7   5  10   5
59.00 59.50    IV   5   4  10   3
59.50 62.00     I   0   1  10  10
62.00 64.00     v   7   5  10   5
64.00 66.00 V7/ii   9   6  10   7
66.00 67.00    IV   5   4  10   3
67.00 68.00  V/ii   9   6  10   7
68.00 69.00    IV   5   4  10   3
69.00 70.00     I   0   1  10  10
70.00 71.00    IV   5   4  10   3
71.00 72.00     I   0   1  10  10
72.00 72.50    IV   5   4  10   3
72.50 73.00     V   7   5  10   5
73.00 74.00    IV   5   4  10   3
74.00 89.00     I   0   1  10  10
---
