 0.00  2.50     I   0   1   4   4
 2.50  3.00    IV   5   4   4   9
 3.00  3.50    V7   7   5   4  11
 3.50  4.50     I   0   1   4   4
 4.50  5.00    IV   5   4   4   9
 5.00  5.50    V7   7   5   4  11
 5.50  8.50     I   0   1   4   4
 8.50  9.00    IV   5   4   4   9
 9.00  9.50    V7   7   5   4  11
 9.50 12.50     I   0   1   4   4
12.50 13.00    IV   5   4   4   9
13.00 13.50    V7   7   5   4  11
13.50 14.00     I   0   1   4   4
14.00 16.00    IV   5   4   4   9
16.00 18.00     I   0   1   4   4
18.00 20.00    IV   5   4   4   9
20.00 24.50     I   0   1   4   4
24.50 25.00    IV   5   4   4   9
25.00 25.50    V7   7   5   4  11
25.50 26.50     I   0   1   4   4
26.50 27.00    IV   5   4   4   9
27.00 27.50    V7   7   5   4  11
27.50 30.50     I   0   1   4   4
30.50 31.00    IV   5   4   4   9
31.00 31.50    V7   7   5   4  11
31.50 34.50     I   0   1   4   4
34.50 35.00    IV   5   4   4   9
35.00 35.50    V7   7   5   4  11
35.50 36.00     I   0   1   4   4
36.00 38.00    IV   5   4   4   9
38.00 40.00     I   0   1   4   4
40.00 42.00    IV   5   4   4   9
42.00 46.50     I   0   1   4   4
46.50 47.00    IV   5   4   4   9
47.00 47.50    V7   7   5   4  11
47.50 48.50     I   0   1   4   4
48.50 49.00    IV   5   4   4   9
49.00 49.50    V7   7   5   4  11
49.50 52.50     I   0   1   4   4
52.50 53.00    IV   5   4   4   9
53.00 53.50    V7   7   5   4  11
53.50 56.50     I   0   1   4   4
56.50 57.00    IV   5   4   4   9
57.00 57.50    V7   7   5   4  11
57.50 58.00     I   0   1   4   4
58.00 60.00    IV   5   4   4   9
60.00 62.00     I   0   1   4   4
62.00 64.00    IV   5   4   4   9
64.00 68.50     I   0   1   4   4
68.50 69.00    IV   5   4   4   9
69.00 69.50    V7   7   5   4  11
69.50 70.50     I   0   1   4   4
70.50 71.00    IV   5   4   4   9
71.00 71.50    V7   7   5   4  11
71.50 72.50     I   0   1   4   4
72.50 73.00    IV   5   4   4   9
73.00 73.50    V7   7   5   4  11
73.50 74.50     I   0   1   4   4
74.50 75.00    IV   5   4   4   9
75.00 75.50    V7   7   5   4  11
75.50 76.00     I   0   1   4   4
---
