 0.00 16.00     I   0   1   2   2
16.00 20.00    IV   5   4   2   7
20.00 24.00     I   0   1   2   2
24.00 25.00     V   7   5   2   9
25.00 25.50  bVII  10   7   2   0
25.50 26.00    IV   5   4   2   7
26.00 27.00     V   7   5   2   9
27.00 27.50  bVII  10   7   2   0
27.50 28.00    IV   5   4   2   7
28.00 29.00     V   7   5   2   9
29.00 29.50  bVII  10   7   2   0
29.50 30.00    IV   5   4   2   7
30.00 32.00     V   7   5   2   9
32.00 42.00     I   0   1   2   2
42.00 46.00    IV   5   4   2   7
46.00 50.00     I   0   1   2   2
50.00 51.00     V   7   5   2   9
51.00 51.50  bVII  10   7   2   0
51.50 52.00    IV   5   4   2   7
52.00 53.00     V   7   5   2   9
53.00 53.50  bVII  10   7   2   0
53.50 54.00    IV   5   4   2   7
54.00 55.00     V   7   5   2   9
55.00 55.50  bVII  10   7   2   0
55.50 56.00    IV   5   4   2   7
56.00 58.00     V   7   5   2   9
58.00 66.00     I   0   1   2   2
66.00 70.00    IV   5   4   2   7
70.00 74.00     I   0   1   2   2
74.00 75.00     V   7   5   2   9
75.00 75.50  bVII  10   7   2   0
75.50 76.00    IV   5   4   2   7
76.00 77.00     V   7   5   2   9
77.00 77.50  bVII  10   7   2   0
77.50 78.00    IV   5   4   2   7
78.00 79.00     V   7   5   2   9
79.00 79.50  bVII  10   7   2   0
79.50 80.00    IV   5   4   2   7
80.00 82.00     V   7   5   2   9
82.00 94.00     I   0   1   2   2
94.00 98.00    IV   5   4   2   7
98.00 102.00     I   0   1   2   2
102.00 103.00     V   7   5   2   9
103.00 103.50  bVII  10   7   2   0
103.50 104.00    IV   5   4   2   7
104.00 105.00     V   7   5   2   9
105.00 105.50  bVII  10   7   2   0
105.50 106.00    IV   5   4   2   7
106.00 107.00     V   7   5   2   9
107.00 107.50  bVII  10   7   2   0
107.50 108.00    IV   5   4   2   7
108.00 109.00     V   7   5   2   9
109.00 109.50  bVII  10   7   2   0
109.50 110.00    IV   5   4   2   7
110.00 111.00     V   7   5   2   9
111.00 111.50  bVII  10   7   2   0
111.50 112.00    IV   5   4   2   7
112.00 115.00     V   7   5   2   9
---
