 4.00 28.00     i   0   1   3   3
28.00 28.50     V   7   5   3  10
28.50 29.00 bVIb5   8   6   3  11
29.00 29.50     V   7   5   3  10
29.50 30.00  bVb5   6   4   3   9
30.00 31.00    iv   5   4   3   8
31.00 32.00     V   7   5   3  10
32.00 52.00     i   0   1   3   3
52.00 52.50     V   7   5   3  10
52.50 53.00 bVIb5   8   6   3  11
53.00 53.50     V   7   5   3  10
53.50 54.00  bVb5   6   4   3   9
54.00 55.00    iv   5   4   3   8
55.00 56.00     V   7   5   3  10
56.00 60.00     i   0   1   3   3
60.00 60.50     V   7   5   3  10
60.50 61.00 bVIb5   8   6   3  11
61.00 61.50     V   7   5   3  10
61.50 62.00  bVb5   6   4   3   9
62.00 63.00    iv   5   4   3   8
63.00 64.00     V   7   5   3  10
64.00 84.00     i   0   1   3   3
84.00 84.50     V   7   5   3  10
84.50 85.00 bVIb5   8   6   3  11
85.00 85.50     V   7   5   3  10
85.50 86.00  bVb5   6   4   3   9
86.00 87.00    iv   5   4   3   8
87.00 88.00     V   7   5   3  10
88.00 112.00     i   0   1   3   3
---
