 0.00  4.00     I   0   1   7   7
 4.00  6.00    IV   5   4   7   0
 6.00  7.00     V   7   5   7   2
 7.00  8.00    IV   5   4   7   0
 8.00 12.00     I   0   1   7   7
12.00 14.00    IV   5   4   7   0
14.00 15.00     V   7   5   7   2
15.00 16.00    IV   5   4   7   0
16.00 18.00     V   7   5   7   2
18.00 19.00    IV   5   4   7   0
19.00 20.00     I   0   1   7   7
20.00 21.00   iii   4   3   7  11
21.00 21.50    IV   5   4   7   0
21.50 22.00     V   7   5   7   2
22.00 23.00    vi   9   6   7   4
23.00 24.00   iii   4   3   7  11
24.00 25.00    IV   5   4   7   0
25.00 26.00     V   7   5   7   2
26.00 28.00     I   0   1   7   7
28.00 30.00    IV   5   4   7   0
30.00 31.00     V   7   5   7   2
31.00 32.00    IV   5   4   7   0
32.00 36.00     I   0   1   7   7
36.00 38.00    IV   5   4   7   0
38.00 39.00     V   7   5   7   2
39.00 40.00    IV   5   4   7   0
40.00 42.00     V   7   5   7   2
42.00 43.00    IV   5   4   7   0
43.00 44.00     I   0   1   7   7
44.00 45.00   iii   4   3   7  11
45.00 45.50    IV   5   4   7   0
45.50 46.00     V   7   5   7   2
46.00 47.00    vi   9   6   7   4
47.00 48.00   iii   4   3   7  11
48.00 49.00    IV   5   4   7   0
49.00 50.00     V   7   5   7   2
50.00 51.00    vi   9   6   7   4
51.00 52.00   iii   4   3   7  11
52.00 53.00    IV   5   4   7   0
53.00 54.00     V   7   5   7   2
54.00 55.00    vi   9   6   7   4
55.00 56.00   iii   4   3   7  11
56.00 57.00    IV   5   4   7   0
57.00 58.00     V   7   5   7   2
58.00 59.00     I   0   1   7   7
59.00 60.00    IV   5   4   7   0
60.00 61.00     I   0   1   7   7
61.00 62.00     V   7   5   7   2
62.00 64.00     I   0   1   7   7
64.00 66.00    IV   5   4   7   0
66.00 67.00     V   7   5   7   2
67.00 68.00    IV   5   4   7   0
68.00 72.00     I   0   1   7   7
72.00 74.00    IV   5   4   7   0
74.00 75.00     V   7   5   7   2
75.00 76.00    IV   5   4   7   0
76.00 80.00     I   0   1   7   7
80.00 82.00    IV   5   4   7   0
82.00 83.00     V   7   5   7   2
83.00 84.00    IV   5   4   7   0
84.00 88.00     I   0   1   7   7
88.00 90.00    IV   5   4   7   0
90.00 91.00     V   7   5   7   2
91.00 92.00    IV   5   4   7   0
92.00 96.00     I   0   1   7   7
96.00 98.00    IV   5   4   7   0
98.00 99.00     V   7   5   7   2
99.00 100.00    IV   5   4   7   0
100.00 104.00     I   0   1   7   7
104.00 106.00    IV   5   4   7   0
106.00 107.00     V   7   5   7   2
107.00 108.00    IV   5   4   7   0
108.00 112.00     I   0   1   7   7
112.00 114.00    IV   5   4   7   0
114.00 115.00     V   7   5   7   2
115.00 116.00    IV   5   4   7   0
116.00 120.00     I   0   1   7   7
120.00 122.00    IV   5   4   7   0
122.00 123.00     V   7   5   7   2
123.00 124.00    IV   5   4   7   0
124.00 126.00     I   0   1   7   7
---
