 0.00  2.00     I   0   1   1   1
 2.00  4.00  bVII  10   7   1  11
 4.00  6.00    IV   5   4   1   6
 6.00 10.00     I   0   1   1   1
10.00 12.00  bVII  10   7   1  11
12.00 14.00    IV   5   4   1   6
14.00 18.00     I   0   1   1   1
18.00 20.00  bVII  10   7   1  11
20.00 22.00    IV   5   4   1   6
22.00 26.00     I   0   1   1   1
26.00 28.00  bVII  10   7   1  11
28.00 30.00    IV   5   4   1   6
30.00 34.00     I   0   1   1   1
34.00 36.00  bVII  10   7   1  11
36.00 38.00    IV   5   4   1   6
38.00 40.00     I   0   1   1   1
40.00 41.00     V   7   5   1   8
41.00 42.00  bVII  10   7   1  11
42.00 44.00     I   0   1   1   1
44.00 45.00     V   7   5   1   8
45.00 46.00  bVII  10   7   1  11
46.00 50.00     I   0   1   1   1
50.00 52.00  bVII  10   7   1  11
52.00 54.00    IV   5   4   1   6
54.00 58.00     I   0   1   1   1
58.00 60.00  bVII  10   7   1  11
60.00 62.00    IV   5   4   1   6
62.00 66.00     I   0   1   1   1
66.00 68.00  bVII  10   7   1  11
68.00 70.00    IV   5   4   1   6
70.00 72.00     I   0   1   1   1
72.00 73.00     V   7   5   1   8
73.00 74.00  bVII  10   7   1  11
74.00 76.00     I   0   1   1   1
76.00 77.00     V   7   5   1   8
77.00 78.00  bVII  10   7   1  11
78.00 82.00     I   0   1   1   1
82.00 84.00  bVII  10   7   1  11
84.00 86.00    IV   5   4   1   6
86.00 90.00     I   0   1   1   1
90.00 92.00  bVII  10   7   1  11
92.00 94.00    IV   5   4   1   6
94.00 96.00     I   0   1   1   1
96.00 97.00     V   7   5   1   8
97.00 98.00  bVII  10   7   1  11
98.00 100.00     I   0   1   1   1
100.00 101.00     V   7   5   1   8
101.00 102.00  bVII  10   7   1  11
102.00 104.00     I   0   1   1   1
104.00 105.00     V   7   5   1   8
105.00 106.00  bVII  10   7   1  11
106.00 108.00     I   0   1   1   1
108.00 109.00     V   7   5   1   8
109.00 110.00  bVII  10   7   1  11
110.00 112.00     I   0   1   1   1
112.00 113.00     i   0   1   3   3
113.00 114.00   bVI   8   6   3  11
114.00 115.00     V   7   5   3  10
115.00 116.00    iv   5   4   3   8
116.00 117.00     i   0   1   3   3
117.00 118.00   bVI   8   6   3  11
118.00 119.00     V   7   5   3  10
119.00 120.00    iv   5   4   3   8
120.00 121.00     i   0   1   3   3
121.00 122.00   bVI   8   6   3  11
122.00 123.00     V   7   5   3  10
123.00 124.00    iv   5   4   3   8
124.00 125.00     i   0   1   3   3
125.00 126.00   bVI   8   6   3  11
126.00 127.00     V   7   5   3  10
127.00 129.00    iv   5   4   3   8
129.00 130.00     i   0   1   3   3
130.00 131.00  bIII   3   3   3   6
131.00 132.00    IV   5   4   3   8
132.00 132.50   bVI   8   6   3  11
132.50 132.75  bVII  10   7   3   1
132.75 133.00  bIII   3   3   3   6
133.00 134.00     i   0   1   3   3
134.00 135.00  bIII   3   3   3   6
135.00 136.00    IV   5   4   3   8
136.00 136.50   bVI   8   6   3  11
136.50 136.75  bVII  10   7   3   1
136.75 137.00  bIII   3   3   3   6
137.00 138.00     i   0   1   3   3
138.00 139.00  bIII   3   3   3   6
139.00 140.00    IV   5   4   3   8
140.00 140.50   bVI   8   6   3  11
140.50 140.75  bVII  10   7   3   1
140.75 141.00  bIII   3   3   3   6
141.00 142.00     i   0   1   3   3
142.00 143.00  bIII   3   3   3   6
143.00 144.00    IV   5   4   3   8
144.00 144.50   bVI   8   6   3  11
144.50 144.75  bVII  10   7   3   1
144.75 145.00  bIII   3   3   3   6
145.00 146.00     i   0   1   3   3
146.00 147.00  bIII   3   3   3   6
147.00 148.00    IV   5   4   3   8
148.00 148.50   bVI   8   6   3  11
148.50 148.75  bVII  10   7   3   1
148.75 149.00  bIII   3   3   3   6
149.00 150.00     i   0   1   3   3
150.00 151.00  bIII   3   3   3   6
151.00 152.00    IV   5   4   3   8
152.00 152.50   bVI   8   6   3  11
152.50 152.75  bVII  10   7   3   1
152.75 153.00  bIII   3   3   3   6
153.00 154.00     i   0   1   3   3
154.00 155.00  bIII   3   3   3   6
155.00 156.00    IV   5   4   3   8
156.00 156.50   bVI   8   6   3  11
156.50 156.75  bVII  10   7   3   1
156.75 157.00  bIII   3   3   3   6
157.00 158.00     i   0   1   3   3
158.00 159.00  bIII   3   3   3   6
159.00 160.00    IV   5   4   3   8
160.00 160.50   bVI   8   6   3  11
160.50 160.75  bVII  10   7   3   1
160.75 161.00  bIII   3   3   3   6
161.00 162.00     i   0   1   3   3
162.00 163.00  bIII   3   3   3   6
163.00 164.00    IV   5   4   3   8
164.00 164.50   bVI   8   6   3  11
164.50 164.75  bVII  10   7   3   1
164.75 165.00  bIII   3   3   3   6
165.00 166.00     i   0   1   3   3
166.00 167.00  bIII   3   3   3   6
167.00 168.00    IV   5   4   3   8
168.00 168.50   bVI   8   6   3  11
168.50 168.75  bVII  10   7   3   1
168.75 169.00  bIII   3   3   3   6
169.00 170.00     i   0   1   3   3
170.00 171.00  bIII   3   3   3   6
171.00 172.00    IV   5   4   3   8
172.00 174.00     i   0   1   3   3
174.00 175.00  bIII   3   3   3   6
175.00 176.00    IV   5   4   3   8
176.00 176.50   bVI   8   6   3  11
176.50 177.00  bVII  10   7   3   1
177.00 178.00     i   0   1   3   3
---
