10.00 11.00     I   0   1   4   4
11.00 12.00  bVII  10   7   4   2
12.00 13.00    IV   5   4   4   9
13.00 15.00     I   0   1   4   4
15.00 16.00  bVII  10   7   4   2
16.00 17.00    IV   5   4   4   9
17.00 19.00     I   0   1   4   4
19.00 20.00  bVII  10   7   4   2
20.00 21.00    IV   5   4   4   9
21.00 23.00     I   0   1   4   4
23.00 24.00  bVII  10   7   4   2
24.00 25.00    IV   5   4   4   9
25.00 27.00     I   0   1   4   4
27.00 29.00     V   7   5   4  11
29.00 31.00     I   0   1   4   4
31.00 33.00     V   7   5   4  11
33.00 36.00     I   0   1   4   4
36.00 37.00  bVII  10   7   4   2
37.00 38.00    IV   5   4   4   9
38.00 40.00     I   0   1   4   4
40.00 41.00  bVII  10   7   4   2
41.00 42.00    IV   5   4   4   9
42.00 44.00     I   0   1   4   4
44.00 45.00  bVII  10   7   4   2
45.00 46.00    IV   5   4   4   9
46.00 48.00     I   0   1   4   4
48.00 50.00     V   7   5   4  11
50.00 52.00     I   0   1   4   4
52.00 54.00     V   7   5   4  11
54.00 57.00     I   0   1   4   4
57.00 58.00  bVII  10   7   4   2
58.00 59.00    IV   5   4   4   9
59.00 61.00     I   0   1   4   4
61.00 62.00  bVII  10   7   4   2
62.00 63.00    IV   5   4   4   9
63.00 65.00     I   0   1   4   4
65.00 66.00  bVII  10   7   4   2
66.00 67.00    IV   5   4   4   9
67.00 69.00     I   0   1   4   4
69.00 70.00  bVII  10   7   4   2
70.00 71.00    IV   5   4   4   9
71.00 73.00     I   0   1   4   4
73.00 75.00     V   7   5   4  11
75.00 77.00     I   0   1   4   4
77.00 79.00     V   7   5   4  11
79.00 82.00     I   0   1   4   4
82.00 83.00  bVII  10   7   4   2
83.00 84.00    IV   5   4   4   9
84.00 86.00     I   0   1   4   4
86.00 87.00  bVII  10   7   4   2
87.00 88.00    IV   5   4   4   9
88.00 90.00     I   0   1   4   4
90.00 91.00  bVII  10   7   4   2
91.00 92.00    IV   5   4   4   9
92.00 94.00     I   0   1   4   4
94.00 95.00  bVII  10   7   4   2
95.00 96.00    IV   5   4   4   9
96.00 98.00     I   0   1   4   4
98.00 100.00     V   7   5   4  11
100.00 102.00     I   0   1   4   4
102.00 104.00     V   7   5   4  11
104.00 107.00     I   0   1   4   4
107.00 108.00  bVII  10   7   4   2
108.00 109.00    IV   5   4   4   9
109.00 111.00     I   0   1   4   4
111.00 112.00  bVII  10   7   4   2
112.00 113.00    IV   5   4   4   9
113.00 115.00     I   0   1   4   4
115.00 116.00  bVII  10   7   4   2
116.00 117.00    IV   5   4   4   9
117.00 119.00     I   0   1   4   4
119.00 120.00  bVII  10   7   4   2
120.00 121.00    IV   5   4   4   9
121.00 123.00     I   0   1   4   4
123.00 125.00     V   7   5   4  11
125.00 127.00     I   0   1   4   4
127.00 129.00     V   7   5   4  11
129.00 132.00     I   0   1   4   4
132.00 133.00  bVII  10   7   4   2
133.00 134.00    IV   5   4   4   9
134.00 136.00     I   0   1   4   4
136.00 137.00  bVII  10   7   4   2
137.00 138.00    IV   5   4   4   9
138.00 140.00     I   0   1   4   4
140.00 141.00  bVII  10   7   4   2
141.00 142.00    IV   5   4   4   9
142.00 144.00     I   0   1   4   4
144.00 145.00  bVII  10   7   4   2
145.00 146.00    IV   5   4   4   9
146.00 148.00     I   0   1   4   4
148.00 149.00  bVII  10   7   4   2
149.00 150.00    IV   5   4   4   9
150.00 152.00     I   0   1   4   4
152.00 153.00  bVII  10   7   4   2
153.00 154.00    IV   5   4   4   9
154.00 156.00     I   0   1   4   4
156.00 157.00  bVII  10   7   4   2
157.00 158.00    IV   5   4   4   9
158.00 160.00     I   0   1   4   4
160.00 161.00  bVII  10   7   4   2
161.00 162.00    IV   5   4   4   9
162.00 164.00     I   0   1   4   4
164.00 165.00  bVII  10   7   4   2
165.00 166.00    IV   5   4   4   9
166.00 168.00     I   0   1   4   4
168.00 169.00  bVII  10   7   4   2
169.00 170.00    IV   5   4   4   9
170.00 172.00     I   0   1   4   4
172.00 173.00  bVII  10   7   4   2
173.00 174.00    IV   5   4   4   9
174.00 176.00     I   0   1   4   4
176.00 177.00  bVII  10   7   4   2
177.00 178.00    IV   5   4   4   9
178.00 179.00     I   0   1   4   4
---
