 0.00  4.50     I   0   1   9   9
 4.50  5.00  bVII  10   7   9   7
 5.00  5.50     I   0   1   9   9
 5.50  6.00  bVII  10   7   9   7
 6.00  6.50     I   0   1   9   9
 6.50  7.00  bVII  10   7   9   7
 7.00  8.00    IV   5   4   9   2
 8.00  8.50     I   0   1   9   9
 8.50  9.00  bVII  10   7   9   7
 9.00  9.50     I   0   1   9   9
 9.50 10.00  bVII  10   7   9   7
10.00 10.50     I   0   1   9   9
10.50 11.00  bVII  10   7   9   7
11.00 12.00    IV   5   4   9   2
12.00 12.50     V   7   5   9   4
12.50 13.00    vi   9   6   9   6
13.00 13.50     I   0   1   9   9
13.50 14.00    IV   5   4   9   2
14.00 14.50     V   7   5   9   4
14.50 15.00    vi   9   6   9   6
15.00 15.50     I   0   1   9   9
15.50 16.00    IV   5   4   9   2
16.00 17.00     V   7   5   9   4
17.00 17.50  bVII  10   7   9   7
17.50 18.00    IV   5   4   9   2
18.00 22.50     I   0   1   9   9
22.50 23.00  bVII  10   7   9   7
23.00 23.50     I   0   1   9   9
23.50 24.00  bVII  10   7   9   7
24.00 24.50     I   0   1   9   9
24.50 25.00  bVII  10   7   9   7
25.00 26.00    IV   5   4   9   2
26.00 26.50     I   0   1   9   9
26.50 27.00  bVII  10   7   9   7
27.00 27.50     I   0   1   9   9
27.50 28.00  bVII  10   7   9   7
28.00 28.50     I   0   1   9   9
28.50 29.00  bVII  10   7   9   7
29.00 30.00    IV   5   4   9   2
30.00 30.50     V   7   5   9   4
30.50 31.00    vi   9   6   9   6
31.00 31.50     I   0   1   9   9
31.50 32.00    IV   5   4   9   2
32.00 32.50     V   7   5   9   4
32.50 33.00    vi   9   6   9   6
33.00 33.50     I   0   1   9   9
33.50 34.00    IV   5   4   9   2
34.00 35.00     V   7   5   9   4
35.00 35.50  bVII  10   7   9   7
35.50 36.00    IV   5   4   9   2
36.00 40.50     I   0   1   9   9
40.50 41.00  bVII  10   7   9   7
41.00 41.50     I   0   1   9   9
41.50 42.00  bVII  10   7   9   7
42.00 42.50     I   0   1   9   9
42.50 43.00  bVII  10   7   9   7
43.00 44.00    IV   5   4   9   2
44.00 44.50     I   0   1   9   9
44.50 45.00  bVII  10   7   9   7
45.00 45.50     I   0   1   9   9
45.50 46.00  bVII  10   7   9   7
46.00 46.50     I   0   1   9   9
46.50 47.00  bVII  10   7   9   7
47.00 48.00    IV   5   4   9   2
48.00 48.50     V   7   5   9   4
48.50 49.00    vi   9   6   9   6
49.00 49.50     I   0   1   9   9
49.50 50.00    IV   5   4   9   2
50.00 50.50     V   7   5   9   4
50.50 51.00    vi   9   6   9   6
51.00 51.50     I   0   1   9   9
51.50 52.00    IV   5   4   9   2
52.00 53.00     V   7   5   9   4
53.00 53.50  bVII  10   7   9   7
53.50 54.00    IV   5   4   9   2
54.00 58.50     I   0   1   9   9
58.50 59.00  bVII  10   7   9   7
59.00 59.50     I   0   1   9   9
59.50 60.00  bVII  10   7   9   7
60.00 60.50     I   0   1   9   9
60.50 61.00  bVII  10   7   9   7
61.00 62.00    IV   5   4   9   2
62.00 62.50     I   0   1   9   9
62.50 63.00  bVII  10   7   9   7
63.00 63.50     I   0   1   9   9
63.50 64.00  bVII  10   7   9   7
64.00 64.50     I   0   1   9   9
64.50 65.00  bVII  10   7   9   7
65.00 66.00    IV   5   4   9   2
66.00 66.50     V   7   5   9   4
66.50 67.00    vi   9   6   9   6
67.00 67.50     I   0   1   9   9
67.50 68.00    IV   5   4   9   2
68.00 68.50     V   7   5   9   4
68.50 69.00    vi   9   6   9   6
69.00 69.50     I   0   1   9   9
69.50 70.00    IV   5   4   9   2
70.00 71.00     V   7   5   9   4
71.00 71.50  bVII  10   7   9   7
71.50 72.00    IV   5   4   9   2
72.00 76.50     I   0   1   9   9
76.50 77.00  bVII  10   7   9   7
77.00 77.50     I   0   1   9   9
77.50 78.00  bVII  10   7   9   7
78.00 78.50     I   0   1   9   9
78.50 79.00  bVII  10   7   9   7
79.00 80.00    IV   5   4   9   2
80.00 80.50     I   0   1   9   9
80.50 81.00  bVII  10   7   9   7
81.00 81.50     I   0   1   9   9
81.50 82.00  bVII  10   7   9   7
82.00 82.50     I   0   1   9   9
82.50 83.00  bVII  10   7   9   7
83.00 84.00    IV   5   4   9   2
84.00 84.50     V   7   5   9   4
84.50 85.00    vi   9   6   9   6
85.00 85.50     I   0   1   9   9
85.50 86.00    IV   5   4   9   2
86.00 86.50     V   7   5   9   4
86.50 87.00    vi   9   6   9   6
87.00 87.50     I   0   1   9   9
87.50 88.00    IV   5   4   9   2
88.00 89.00     V   7   5   9   4
89.00 89.50  bVII  10   7   9   7
89.50 90.00    IV   5   4   9   2
90.00 94.50     I   0   1   9   9
94.50 95.00  bVII  10   7   9   7
95.00 95.50     I   0   1   9   9
95.50 96.00  bVII  10   7   9   7
96.00 96.50     I   0   1   9   9
96.50 97.00  bVII  10   7   9   7
97.00 98.00    IV   5   4   9   2
98.00 98.50     I   0   1   9   9
98.50 99.00  bVII  10   7   9   7
99.00 99.50     I   0   1   9   9
99.50 100.00  bVII  10   7   9   7
100.00 100.50     I   0   1   9   9
100.50 101.00  bVII  10   7   9   7
101.00 102.00    IV   5   4   9   2
102.00 102.50     V   7   5   9   4
102.50 103.00    vi   9   6   9   6
103.00 103.50     I   0   1   9   9
103.50 104.00    IV   5   4   9   2
104.00 104.50     V   7   5   9   4
104.50 105.00    vi   9   6   9   6
105.00 105.50     I   0   1   9   9
105.50 106.00    IV   5   4   9   2
106.00 107.00     V   7   5   9   4
107.00 107.50  bVII  10   7   9   7
107.50 108.00    IV   5   4   9   2
108.00 112.50     I   0   1   9   9
112.50 113.00  bVII  10   7   9   7
113.00 113.50     I   0   1   9   9
113.50 114.00  bVII  10   7   9   7
114.00 114.50     I   0   1   9   9
114.50 115.00  bVII  10   7   9   7
115.00 116.00    IV   5   4   9   2
116.00 116.50     I   0   1   9   9
116.50 117.00  bVII  10   7   9   7
117.00 117.50     I   0   1   9   9
117.50 118.00  bVII  10   7   9   7
118.00 118.50     I   0   1   9   9
118.50 119.00  bVII  10   7   9   7
119.00 120.00    IV   5   4   9   2
120.00 120.50     V   7   5   9   4
120.50 121.00    vi   9   6   9   6
121.00 121.50     I   0   1   9   9
121.50 122.00    IV   5   4   9   2
122.00 122.50     V   7   5   9   4
122.50 123.00    vi   9   6   9   6
123.00 123.50     I   0   1   9   9
123.50 124.00    IV   5   4   9   2
124.00 125.00     V   7   5   9   4
125.00 125.50  bVII  10   7   9   7
125.50 126.00    IV   5   4   9   2
126.00 130.50     I   0   1   9   9
130.50 131.00  bVII  10   7   9   7
131.00 131.50     I   0   1   9   9
131.50 132.00  bVII  10   7   9   7
132.00 132.50     I   0   1   9   9
132.50 133.00  bVII  10   7   9   7
133.00 134.00    IV   5   4   9   2
134.00 134.50     I   0   1   9   9
134.50 135.00  bVII  10   7   9   7
135.00 135.50     I   0   1   9   9
135.50 136.00  bVII  10   7   9   7
136.00 136.50     I   0   1   9   9
136.50 137.00  bVII  10   7   9   7
137.00 138.00    IV   5   4   9   2
138.00 138.50     V   7   5   9   4
138.50 139.00    vi   9   6   9   6
139.00 139.50     I   0   1   9   9
139.50 140.00    IV   5   4   9   2
140.00 140.50     V   7   5   9   4
140.50 141.00    vi   9   6   9   6
141.00 141.50     I   0   1   9   9
141.50 142.00    IV   5   4   9   2
142.00 143.00     V   7   5   9   4
143.00 143.50  bVII  10   7   9   7
143.50 144.00    IV   5   4   9   2
144.00 145.00     I   0   1   9   9
---
