 0.00  0.50     I   0   1   9   9
 0.50  1.00    V6   7   5   9   4
 1.00  1.50    vi   9   6   9   6
 1.50  2.00 iii43   4   3   9   1
 2.00  2.50   IV6   5   4   9   2
 2.50  3.00     V   7   5   9   4
 3.00  4.50     I   0   1   9   9
 4.50  5.00    V6   7   5   9   4
 5.00  5.50    vi   9   6   9   6
 5.50  6.00 iii43   4   3   9   1
 6.00  6.50   IV6   5   4   9   2
 6.50  7.00   I64   0   1   9   9
 7.00  8.00     V   7   5   9   4
 8.00  8.50     I   0   1   9   9
 8.50  9.00    V6   7   5   9   4
 9.00  9.50    vi   9   6   9   6
 9.50 10.00 iii43   4   3   9   1
10.00 10.50   IV6   5   4   9   2
10.50 11.00   I64   0   1   9   9
11.00 12.00     V   7   5   9   4
12.00 13.00    vi   9   6   9   6
13.00 15.00 V6/vi   4   3   9   1
15.00 16.00  V/ii   9   6   9   6
16.00 17.00    ii   2   2   9  11
17.00 18.00   V11   7   5   9   4
18.00 18.50     I   0   1   9   9
18.50 19.00    V6   7   5   9   4
19.00 19.50    vi   9   6   9   6
19.50 20.00 iii43   4   3   9   1
20.00 20.50   IV6   5   4   9   2
20.50 21.00     V   7   5   9   4
21.00 22.50     I   0   1   9   9
22.50 23.00    V6   7   5   9   4
23.00 23.50    vi   9   6   9   6
23.50 24.00 iii43   4   3   9   1
24.00 24.50   IV6   5   4   9   2
24.50 25.00   I64   0   1   9   9
25.00 26.00     V   7   5   9   4
26.00 26.50     I   0   1   9   9
26.50 27.00    V6   7   5   9   4
27.00 27.50    vi   9   6   9   6
27.50 28.00 iii43   4   3   9   1
28.00 28.50   IV6   5   4   9   2
28.50 29.00   I64   0   1   9   9
29.00 30.00     V   7   5   9   4
30.00 31.00    vi   9   6   9   6
31.00 33.00 V6/vi   4   3   9   1
33.00 34.00  V/ii   9   6   9   6
34.00 35.00    ii   2   2   9  11
35.00 36.00   V11   7   5   9   4
36.00 36.50     I   0   1   9   9
36.50 37.00    V6   7   5   9   4
37.00 37.50    vi   9   6   9   6
37.50 38.00 iii43   4   3   9   1
38.00 38.50   IV6   5   4   9   2
38.50 39.00     V   7   5   9   4
39.00 40.00     I   0   1   9   9
40.00 40.50    IV   5   4   7   0
40.50 41.00    I6   0   1   7   7
41.00 41.50    ii   2   2   7   9
41.50 42.00    V6   7   5   7   2
42.00 42.50     I   0   1   7   7
42.50 43.00    V6   7   5   7   2
43.00 43.50    vi   9   6   7   4
43.50 43.75    V6   7   5   7   2
43.75 44.00     I   0   1   7   7
44.00 44.50    IV   5   4   7   0
44.50 45.00    I6   0   1   7   7
45.00 45.50    ii   2   2   7   9
45.50 46.00    V6   7   5   7   2
46.00 46.50     I   0   1   7   7
46.50 47.00    V6   7   5   7   2
47.00 48.00     V   7   5   9   4
48.00 48.50     I   0   1   9   9
48.50 49.00    V6   7   5   9   4
49.00 49.50    vi   9   6   9   6
49.50 50.00 iii43   4   3   9   1
50.00 50.50   IV6   5   4   9   2
50.50 51.00   I64   0   1   9   9
51.00 52.00     V   7   5   9   4
52.00 52.50     I   0   1   9   9
52.50 53.00    V6   7   5   9   4
53.00 53.50    vi   9   6   9   6
53.50 54.00 iii43   4   3   9   1
54.00 54.50   IV6   5   4   9   2
54.50 55.00   I64   0   1   9   9
55.00 56.00     V   7   5   9   4
56.00 57.00    vi   9   6   9   6
57.00 59.00 V6/vi   4   3   9   1
59.00 60.00  V/ii   9   6   9   6
60.00 61.00    ii   2   2   9  11
61.00 62.00   V11   7   5   9   4
62.00 62.50     I   0   1   9   9
62.50 63.00    V6   7   5   9   4
63.00 63.50    vi   9   6   9   6
63.50 64.00 iii43   4   3   9   1
64.00 64.50   IV6   5   4   9   2
64.50 65.00     V   7   5   9   4
65.00 66.50     I   0   1   9   9
66.50 67.00    V6   7   5   9   4
67.00 67.50    vi   9   6   9   6
67.50 68.00 iii43   4   3   9   1
68.00 68.50   IV6   5   4   9   2
68.50 69.00   I64   0   1   9   9
69.00 70.00     V   7   5   9   4
70.00 70.50     I   0   1   9   9
70.50 71.00    V6   7   5   9   4
71.00 71.50    vi   9   6   9   6
71.50 72.00 iii43   4   3   9   1
72.00 72.50   IV6   5   4   9   2
72.50 73.00   I64   0   1   9   9
73.00 74.00     V   7   5   9   4
74.00 75.00    vi   9   6   9   6
75.00 77.00 V6/vi   4   3   9   1
77.00 78.00  V/ii   9   6   9   6
78.00 79.00    ii   2   2   9  11
79.00 80.00   V11   7   5   9   4
80.00 80.50     I   0   1   9   9
80.50 81.00    V6   7   5   9   4
81.00 81.50    vi   9   6   9   6
81.50 82.00 iii43   4   3   9   1
82.00 82.50   IV6   5   4   9   2
82.50 83.00     V   7   5   9   4
83.00 84.00     I   0   1   9   9
---
