 0.00 13.00     I   0   1   9   9
13.00 17.00  IVd7   5   4   9   2
17.00 21.00     V   7   5   9   4
21.00 31.00     I   0   1   9   9
31.00 35.00  IVd7   5   4   9   2
35.00 39.00     V   7   5   9   4
39.00 49.00     I   0   1   9   9
49.00 53.00  IVd7   5   4   9   2
53.00 57.00     V   7   5   9   4
57.00 69.00     I   0   1   9   9
69.00 73.00  IVd7   5   4   9   2
73.00 77.00     V   7   5   9   4
77.00 85.00     I   0   1   9   9
85.00 89.00  IVd7   5   4   9   2
89.00 93.00     V   7   5   9   4
93.00 99.00     I   0   1   9   9
---
