 0.00  1.50     I   0   1   9   9
 1.50  2.00     V   7   5   9   4
 2.00  4.00    IV   5   4   9   2
 4.00  6.00     I   0   1   9   9
 6.00  8.00    IV   5   4   9   2
 8.00  9.00     I   0   1   9   9
 9.00  9.50     V   7   5   9   4
 9.50 10.00     I   0   1   9   9
10.00 11.00    IV   5   4   9   2
11.00 12.00     I   0   1   9   9
12.00 13.00    IV   5   4   9   2
13.00 14.00     I   0   1   9   9
14.00 15.00    IV   5   4   9   2
15.00 16.00     I   0   1   9   9
16.00 17.00   V/V   2   2   9  11
17.00 18.00     V   7   5   9   4
18.00 20.00    IV   5   4   9   2
20.00 22.00     I   0   1   9   9
22.00 24.00    IV   5   4   9   2
24.00 25.00     I   0   1   9   9
25.00 25.50     V   7   5   9   4
25.50 30.00     I   0   1   9   9
30.00 32.00    IV   5   4   9   2
32.00 34.00     I   0   1   9   9
34.00 35.00     V   7   5   9   4
35.00 36.00    IV   5   4   9   2
36.00 37.50     I   0   1   9   9
37.50 38.00     V   7   5   9   4
38.00 40.00    IV   5   4   9   2
40.00 42.00     I   0   1   9   9
42.00 44.00    IV   5   4   9   2
44.00 45.00     I   0   1   9   9
45.00 45.50     V   7   5   9   4
45.50 46.00     I   0   1   9   9
46.00 47.00    IV   5   4   9   2
47.00 48.00     I   0   1   9   9
48.00 49.00    IV   5   4   9   2
49.00 50.00     I   0   1   9   9
50.00 51.00    IV   5   4   9   2
51.00 52.00     I   0   1   9   9
52.00 53.00   V/V   2   2   9  11
53.00 54.00     V   7   5   9   4
54.00 56.00    IV   5   4   9   2
56.00 58.00     I   0   1   9   9
58.00 60.00    IV   5   4   9   2
60.00 61.00     I   0   1   9   9
61.00 61.50     V   7   5   9   4
61.50 62.00     I   0   1   9   9
62.00 64.00    IV   5   4   9   2
64.00 66.00     I   0   1   9   9
66.00 68.00    IV   5   4   9   2
68.00 70.00     I   0   1   9   9
---
