 0.00  3.50     I   0   1  11  11
 3.50  4.00    vi   9   6  11   8
 4.00  6.00     V   7   5  11   6
 6.00  7.50     I   0   1  11  11
 7.50  8.00    vi   9   6  11   8
 8.00  8.50     V   7   5  11   6
 8.50  9.50    IV   5   4  11   4
 9.50 10.00     I   0   1  11  11
10.00 12.00     V   7   5  11   6
12.00 15.50     I   0   1  11  11
15.50 16.00    vi   9   6  11   8
16.00 18.00     V   7   5  11   6
18.00 19.50     I   0   1  11  11
19.50 20.00    vi   9   6  11   8
20.00 20.50     V   7   5  11   6
20.50 21.50    IV   5   4  11   4
21.50 22.00     I   0   1  11  11
22.00 22.50     V   7   5  11   6
22.50 23.00    IV   5   4  11   4
23.00 24.00     I   0   1  11  11
24.00 25.00    vi   9   6  11   8
25.00 26.00   iii   4   3  11   3
26.00 27.00    vi   9   6  11   8
27.00 28.00    V7   7   5  11   6
28.00 31.50     I   0   1  11  11
31.50 32.00    vi   9   6  11   8
32.00 34.00     V   7   5  11   6
34.00 35.50     I   0   1  11  11
35.50 36.00    vi   9   6  11   8
36.00 36.50     V   7   5  11   6
36.50 37.50    IV   5   4  11   4
37.50 38.00     I   0   1  11  11
38.00 40.00     V   7   5  11   6
40.00 42.50     I   0   1  11  11
42.50 43.00    vi   9   6  11   8
43.00 45.00     V   7   5  11   6
45.00 46.50     I   0   1  11  11
46.50 47.00    vi   9   6  11   8
47.00 47.50     V   7   5  11   6
47.50 48.50    IV   5   4  11   4
48.50 49.00     I   0   1  11  11
49.00 49.50     V   7   5  11   6
49.50 50.00    IV   5   4  11   4
50.00 51.00     I   0   1  11  11
51.00 52.00    vi   9   6  11   8
52.00 53.00   iii   4   3  11   3
53.00 54.00    vi   9   6  11   8
54.00 55.00    V7   7   5  11   6
55.00 58.50     I   0   1  11  11
58.50 59.00    vi   9   6  11   8
59.00 61.00     V   7   5  11   6
61.00 62.00     I   0   1  11  11
62.00 63.00   iii   4   3  11   3
63.00 64.00    vi   9   6  11   8
64.00 66.00     V   7   5  11   6
66.00 69.50     I   0   1  11  11
69.50 70.00    vi   9   6  11   8
70.00 72.00     V   7   5  11   6
72.00 73.50     I   0   1  11  11
73.50 74.00    vi   9   6  11   8
74.00 74.50     V   7   5  11   6
74.50 75.50    IV   5   4  11   4
75.50 76.00     I   0   1  11  11
76.00 76.50     V   7   5  11   6
76.50 77.00    IV   5   4  11   4
77.00 78.00     I   0   1  11  11
78.00 79.00    vi   9   6  11   8
79.00 80.00   iii   4   3  11   3
80.00 81.00    vi   9   6  11   8
81.00 82.00    V7   7   5  11   6
82.00 83.00    vi   9   6  11   8
83.00 84.00   iii   4   3  11   3
84.00 85.00    vi   9   6  11   8
85.00 86.00    V7   7   5  11   6
86.00 87.00    vi   9   6  11   8
87.00 88.00   iii   4   3  11   3
88.00 89.00    vi   9   6  11   8
89.00 90.00    V7   7   5  11   6
90.00 91.00    vi   9   6  11   8
91.00 92.00   iii   4   3  11   3
92.00 93.00    vi   9   6  11   8
93.00 94.00    V7   7   5  11   6
94.00 95.00    vi   9   6  11   8
95.00 96.00   iii   4   3  11   3
96.00 97.00    vi   9   6  11   8
97.00 98.00    V7   7   5  11   6
98.00 99.00    vi   9   6  11   8
99.00 100.00   iii   4   3  11   3
100.00 101.00    vi   9   6  11   8
101.00 102.00    V7   7   5  11   6
102.00 103.00    vi   9   6  11   8
103.00 104.00   iii   4   3  11   3
104.00 105.00    vi   9   6  11   8
105.00 106.00    V7   7   5  11   6
106.00 107.00    vi   9   6  11   8
107.00 108.00   iii   4   3  11   3
108.00 109.00    vi   9   6  11   8
109.00 110.00    V7   7   5  11   6
110.00 111.50     I   0   1  11  11
111.50 112.00    vi   9   6  11   8
112.00 114.00     V   7   5  11   6
114.00 115.50     I   0   1  11  11
115.50 116.00    vi   9   6  11   8
116.00 116.50     V   7   5  11   6
116.50 117.50    IV   5   4  11   4
117.50 118.00     I   0   1  11  11
118.00 118.50     V   7   5  11   6
118.50 119.00    IV   5   4  11   4
119.00 120.00     I   0   1  11  11
---
