 0.00  4.00     I   0   1   7   7
 4.00  5.00    vi   9   6   7   4
 5.00  6.00    IV   5   4   7   0
 6.00  9.00     I   0   1   7   7
 9.00 10.00    vi   9   6   7   4
10.00 11.00    IV   5   4   7   0
11.00 12.00     V   7   5   7   2
12.00 13.00     I   0   1   7   7
13.00 14.00    vi   9   6   7   4
14.00 15.00    IV   5   4   7   0
15.00 19.00     I   0   1   7   7
19.00 20.00    ii   2   2   7   9
20.00 23.00     V   7   5   7   2
23.00 24.00    IV   5   4   7   0
24.00 25.00    vi   9   6   7   4
25.00 26.00     V   7   5   7   2
26.00 27.00     I   0   1   7   7
27.00 28.00    vi   9   6   7   4
28.00 29.00     V   7   5   7   2
29.00 31.00     I   0   1   7   7
31.00 32.00    vi   9   6   7   4
32.00 33.00    IV   5   4   7   0
33.00 38.00     I   0   1   7   7
38.00 39.00    vi   9   6   7   4
39.00 40.00    IV   5   4   7   0
40.00 43.00     I   0   1   7   7
43.00 44.00    vi   9   6   7   4
44.00 45.00    IV   5   4   7   0
45.00 46.00     V   7   5   7   2
46.00 47.00     I   0   1   7   7
47.00 48.00    vi   9   6   7   4
48.00 49.00    IV   5   4   7   0
49.00 52.00     I   0   1   7   7
52.00 53.00    ii   2   2   7   9
53.00 56.00     V   7   5   7   2
56.00 57.00    IV   5   4   7   0
57.00 58.00    vi   9   6   7   4
58.00 59.00     V   7   5   7   2
59.00 60.00     I   0   1   7   7
60.00 61.00    vi   9   6   7   4
61.00 62.00     V   7   5   7   2
62.00 63.00     I   0   1   7   7
63.00 64.00    vi   9   6   7   4
64.00 65.00    IV   5   4   7   0
65.00 67.00     I   0   1   7   7
67.00 68.00     V   7   5   7   2
68.00 69.00    IV   5   4   7   0
69.00 70.00    vi   9   6   7   4
70.00 74.00     V   7   5   7   2
74.00 75.00     I   0   1   7   7
75.00 76.00    vi   9   6   7   4
76.00 77.00    IV   5   4   7   0
77.00 80.00     I   0   1   7   7
80.00 81.00    vi   9   6   7   4
81.00 82.00    IV   5   4   7   0
82.00 83.00     V   7   5   7   2
83.00 84.00     I   0   1   7   7
84.00 85.00    vi   9   6   7   4
85.00 86.00    IV   5   4   7   0
86.00 89.00     I   0   1   7   7
89.00 90.00    ii   2   2   7   9
90.00 93.00     V   7   5   7   2
93.00 94.00    IV   5   4   7   0
94.00 95.00    vi   9   6   7   4
95.00 96.00     V   7   5   7   2
96.00 97.00     I   0   1   7   7
97.00 98.00    vi   9   6   7   4
98.00 99.00     V   7   5   7   2
99.00 101.00     I   0   1   7   7
101.00 102.00     V   7   5   7   2
102.00 103.00    IV   5   4   7   0
103.00 104.00     V   7   5   7   2
104.00 107.00     I   0   1   7   7
107.00 108.00    vi   9   6   7   4
108.00 109.00    IV   5   4   7   0
109.00 112.00     I   0   1   7   7
112.00 113.00    vi   9   6   7   4
113.00 114.00    IV   5   4   7   0
114.00 115.00     V   7   5   7   2
115.00 116.00     I   0   1   7   7
116.00 117.00    vi   9   6   7   4
117.00 118.00    IV   5   4   7   0
118.00 121.00     I   0   1   7   7
121.00 122.00    ii   2   2   7   9
122.00 125.00     V   7   5   7   2
125.00 126.00    IV   5   4   7   0
126.00 127.00    vi   9   6   7   4
127.00 128.00     V   7   5   7   2
128.00 129.00     I   0   1   7   7
129.00 130.00    vi   9   6   7   4
130.00 131.00     V   7   5   7   2
131.00 133.00     I   0   1   7   7
133.00 134.00    vi   9   6   7   4
134.00 135.00    IV   5   4   7   0
135.00 137.00     I   0   1   7   7
137.00 138.00     V   7   5   7   2
138.00 139.00    IV   5   4   7   0
139.00 140.00    vi   9   6   7   4
140.00 142.00     V   7   5   7   2
142.00 143.00     I   0   1   7   7
143.00 144.00    vi   9   6   7   4
144.00 145.00     V   7   5   7   2
145.00 150.00     I   0   1   7   7
150.00 151.00    vi   9   6   7   4
151.00 152.00    IV   5   4   7   0
152.00 155.00     I   0   1   7   7
155.00 156.00    vi   9   6   7   4
156.00 157.00    IV   5   4   7   0
157.00 158.00     V   7   5   7   2
158.00 159.00     I   0   1   7   7
159.00 160.00    vi   9   6   7   4
160.00 161.00    IV   5   4   7   0
161.00 164.00     I   0   1   7   7
164.00 165.00    ii   2   2   7   9
165.00 168.00     V   7   5   7   2
168.00 169.00    IV   5   4   7   0
169.00 170.00    vi   9   6   7   4
170.00 171.00     V   7   5   7   2
171.00 172.00     I   0   1   7   7
172.00 173.00    vi   9   6   7   4
173.00 174.00     V   7   5   7   2
174.00 176.00     I   0   1   7   7
176.00 177.00    vi   9   6   7   4
177.00 178.00    IV   5   4   7   0
178.00 180.00     I   0   1   7   7
180.00 181.00    vi   9   6   7   4
181.00 182.00    IV   5   4   7   0
182.00 183.00     V   7   5   7   2
---
