 0.00  2.00     i   0   1   3   3
 2.00  4.00  bVII  10   7   3   1
 4.00  6.00     i   0   1   3   3
 6.00  6.50    IV   5   4   6  11
 6.50  8.00     I   0   1   6   6
 8.00  9.00    IV   5   4   6  11
 9.00 10.00     I   0   1   6   6
10.00 12.00    IV   5   4   6  11
12.00 13.50     I   0   1   6   6
13.50 14.00    vi   9   6   6   3
14.00 15.00     I   0   1   6   6
15.00 16.00     V   7   5   6   1
16.00 18.00     i   0   1   3   3
18.00 20.00  bVII  10   7   3   1
20.00 22.00     i   0   1   3   3
22.00 22.50    IV   5   4   6  11
22.50 24.00     I   0   1   6   6
24.00 25.00    IV   5   4   6  11
25.00 26.00     I   0   1   6   6
26.00 28.00    IV   5   4   6  11
28.00 29.50     I   0   1   6   6
29.50 30.00    vi   9   6   6   3
30.00 31.00     I   0   1   6   6
31.00 32.00     V   7   5   6   1
32.00 34.00     i   0   1   3   3
34.00 36.00  bVII  10   7   3   1
36.00 38.00     i   0   1   3   3
38.00 38.50    IV   5   4   6  11
38.50 40.00     I   0   1   6   6
40.00 40.50    IV   5   4   6  11
40.50 42.00     I   0   1   6   6
42.00 44.00    IV   5   4   6  11
44.00 45.50     I   0   1   6   6
45.50 46.00    vi   9   6   6   3
46.00 47.00     I   0   1   6   6
47.00 48.00     V   7   5   6   1
48.00 50.00     i   0   1   3   3
50.00 52.00  bVII  10   7   3   1
52.00 54.00     i   0   1   3   3
54.00 54.50    IV   5   4   6  11
54.50 56.00     I   0   1   6   6
56.00 57.00    IV   5   4   6  11
57.00 58.00     I   0   1   6   6
58.00 60.00    IV   5   4   6  11
60.00 61.50     I   0   1   6   6
61.50 62.00    vi   9   6   6   3
62.00 63.00     I   0   1   6   6
63.00 64.00     V   7   5   6   1
64.00 66.00     i   0   1   3   3
66.00 68.00  bVII  10   7   3   1
68.00 70.00     i   0   1   3   3
70.00 70.50    IV   5   4   6  11
70.50 72.00     I   0   1   6   6
72.00 72.50    IV   5   4   6  11
72.50 74.00     I   0   1   6   6
74.00 76.00    IV   5   4   6  11
76.00 77.50     I   0   1   6   6
77.50 78.00    vi   9   6   6   3
78.00 79.00     I   0   1   6   6
79.00 80.00     V   7   5   6   1
80.00 82.00     i   0   1   3   3
---
