 0.00  1.00     I   0   1   5   5
 1.00  2.00    vi   9   6   5   2
 2.00  3.00     I   0   1   5   5
 3.00  4.00    IV   5   4   5  10
 4.00  5.00     I   0   1   5   5
 5.00  6.00   iii   4   3   5   9
 6.00  7.00    IV   5   4   5  10
 7.00  8.00     V   7   5   5   0
 8.00  9.00     I   0   1   5   5
 9.00 10.00    IV   5   4   5  10
10.00 10.50     I   0   1   5   5
10.50 11.00    V7   7   5   5   0
11.00 11.50     I   0   1   5   5
11.50 12.00    V7   7   5   5   0
12.00 13.00     I   0   1   5   5
13.00 14.00     V   7   5   5   0
14.00 17.00    IV   5   4   5  10
17.00 18.00     V   7   5   5   0
18.00 19.00     I   0   1   5   5
19.00 21.00    IV   5   4   5  10
21.00 22.00     I   0   1   5   5
22.00 24.00     V   7   5   5   0
24.00 25.00     I   0   1   5   5
25.00 26.00    IV   5   4   5  10
26.00 26.50     I   0   1   5   5
26.50 27.00    V7   7   5   5   0
27.00 27.50     I   0   1   5   5
27.50 28.00    V7   7   5   5   0
28.00 29.00     I   0   1   5   5
29.00 30.00     V   7   5   5   0
30.00 33.00    IV   5   4   5  10
33.00 34.00     V   7   5   5   0
34.00 35.00     I   0   1   5   5
35.00 37.00    IV   5   4   5  10
37.00 38.00     I   0   1   5   5
38.00 40.00     V   7   5   5   0
40.00 41.00     I   0   1   5   5
41.00 42.00    vi   9   6   5   2
42.00 43.00     I   0   1   5   5
43.00 44.00    IV   5   4   5  10
44.00 45.00     I   0   1   5   5
45.00 46.00   iii   4   3   5   9
46.00 47.00    IV   5   4   5  10
47.00 48.00     V   7   5   5   0
48.00 49.00     I   0   1   5   5
49.00 50.00    vi   9   6   5   2
50.00 51.00     I   0   1   5   5
51.00 52.00    IV   5   4   5  10
52.00 53.00     I   0   1   5   5
53.00 54.00   iii   4   3   5   9
54.00 55.00    IV   5   4   5  10
55.00 56.00     V   7   5   5   0
56.00 57.00     I   0   1   5   5
57.00 58.00    IV   5   4   5  10
58.00 61.00     I   0   1   5   5
61.00 62.00   iii   4   3   5   9
62.00 65.00    IV   5   4   5  10
65.00 66.00     V   7   5   5   0
66.00 67.00     I   0   1   5   5
67.00 69.00    IV   5   4   5  10
69.00 70.00     I   0   1   5   5
70.00 72.00     V   7   5   5   0
72.00 73.00     I   0   1   5   5
73.00 74.00    vi   9   6   5   2
74.00 75.00     I   0   1   5   5
75.00 76.00    IV   5   4   5  10
76.00 77.00     I   0   1   5   5
77.00 78.00   iii   4   3   5   9
78.00 79.00    IV   5   4   5  10
79.00 80.00     V   7   5   5   0
80.00 81.00     I   0   1   5   5
81.00 82.00    vi   9   6   5   2
82.00 83.00     I   0   1   5   5
83.00 84.00    IV   5   4   5  10
84.00 85.00     I   0   1   5   5
85.00 86.00   iii   4   3   5   9
86.00 87.00    IV   5   4   5  10
87.00 88.00     V   7   5   5   0
88.00 90.00     I   0   1   5   5
90.00 91.00    IV   5   4   5  10
91.00 92.00     V   7   5   5   0
92.00 94.00     I   0   1   5   5
94.00 96.00    vi   9   6   5   2
96.00 97.00    IV   5   4   5  10
97.00 98.00     V   7   5   5   0
98.00 99.00    IV   5   4   5  10
99.00 100.00     V   7   5   5   0
100.00 101.00   iii   4   3   5   9
101.00 102.00    vi   9   6   5   2
102.00 104.00    IV   5   4   5  10
104.00 106.00     V   7   5   5   0
106.00 107.00     I   0   1   5   5
107.00 108.00    IV   5   4   5  10
108.00 111.00     I   0   1   5   5
111.00 112.00   iii   4   3   5   9
112.00 115.00    IV   5   4   5  10
115.00 116.00     V   7   5   5   0
116.00 117.00     I   0   1   5   5
117.00 118.00    IV   5   4   5  10
118.00 120.00   iii   4   3   5   9
120.00 123.00    IV   5   4   5  10
123.00 124.00     V   7   5   5   0
124.00 126.00    IV   5   4   5  10
126.00 128.00    ii   2   2   5   7
128.00 129.00    IV   5   4   5  10
129.00 130.00     V   7   5   5   0
130.00 133.00     I   0   1   5   5
133.00 134.00     V   7   5   5   0
134.00 135.00     I   0   1   5   5
135.00 136.00    IV   5   4   5  10
136.00 137.00     I   0   1   5   5
137.00 138.00     V   7   5   5   0
138.00 139.00    IV   5   4   5  10
139.00 140.00     V   7   5   5   0
140.00 141.00     I   0   1   5   5
141.00 142.00     V   7   5   5   0
142.00 143.00     I   0   1   5   5
143.00 144.00    IV   5   4   5  10
144.00 145.00     I   0   1   5   5
145.00 146.00     V   7   5   5   0
146.00 148.00    IV   5   4   5  10
148.00 150.00     V   7   5   5   0
150.00 151.00     I   0   1   5   5
151.00 152.00     V   7   5   5   0
152.00 153.00     I   0   1   5   5
153.00 154.00    IV   5   4   5  10
154.00 155.00     I   0   1   5   5
155.00 156.00     V   7   5   5   0
156.00 157.00    IV   5   4   5  10
157.00 158.00     V   7   5   5   0
---
