 0.00  0.50     I   0   1   7   7
 0.50  1.50    IV   5   4   7   0
 1.50  2.00     V   7   5   7   2
 2.00  2.50     I   0   1   7   7
 2.50  3.50    IV   5   4   7   0
 3.50  4.50     I   0   1   7   7
 4.50  5.50    IV   5   4   7   0
 5.50  6.00     V   7   5   7   2
 6.00  6.50     I   0   1   7   7
 6.50  7.50    IV   5   4   7   0
 7.50  8.50     I   0   1   7   7
 8.50  9.50    IV   5   4   7   0
 9.50 10.00     V   7   5   7   2
10.00 10.50     I   0   1   7   7
10.50 11.50    IV   5   4   7   0
11.50 12.50     I   0   1   7   7
12.50 13.50    IV   5   4   7   0
13.50 14.00     V   7   5   7   2
14.00 14.50     I   0   1   7   7
14.50 15.50    IV   5   4   7   0
15.50 16.50     I   0   1   7   7
16.50 17.50    IV   5   4   7   0
17.50 18.00     V   7   5   7   2
18.00 18.50     I   0   1   7   7
18.50 19.50    IV   5   4   7   0
19.50 20.00     V   7   5   7   2
20.00 20.50     I   0   1   7   7
20.50 21.50    IV   5   4   7   0
21.50 22.00     V   7   5   7   2
22.00 22.50     I   0   1   7   7
22.50 23.50    IV   5   4   7   0
23.50 24.00     I   0   1   7   7
24.00 24.50    IV   5   4   7   0
24.50 25.00     I   0   1   7   7
25.00 25.50    IV   5   4   7   0
25.50 26.50     I   0   1   7   7
26.50 27.50    IV   5   4   7   0
27.50 28.00     V   7   5   7   2
28.00 28.50     I   0   1   7   7
28.50 29.50    IV   5   4   7   0
29.50 30.50     I   0   1   7   7
30.50 31.50    IV   5   4   7   0
31.50 32.00     V   7   5   7   2
32.00 32.50     I   0   1   7   7
32.50 33.50    IV   5   4   7   0
33.50 34.50     I   0   1   7   7
34.50 35.50    IV   5   4   7   0
35.50 36.00     V   7   5   7   2
36.00 36.50     I   0   1   7   7
36.50 37.50    IV   5   4   7   0
37.50 38.00     V   7   5   7   2
38.00 38.50     I   0   1   7   7
38.50 39.50    IV   5   4   7   0
39.50 40.00     V   7   5   7   2
40.00 40.50     I   0   1   7   7
40.50 41.50    IV   5   4   7   0
41.50 42.00     I   0   1   7   7
42.00 42.50    IV   5   4   7   0
42.50 43.00     I   0   1   7   7
43.00 43.50    IV   5   4   7   0
43.50 45.00     I   0   1   7   7
45.00 45.50    IV   5   4   7   0
45.50 46.00     I   0   1   7   7
46.00 46.50    IV   5   4   7   0
46.50 47.00     I   0   1   7   7
47.00 47.50    IV   5   4   7   0
47.50 48.00     I   0   1   7   7
48.00 48.50    IV   5   4   7   0
48.50 49.00     I   0   1   7   7
49.00 49.50    IV   5   4   7   0
49.50 50.00     I   0   1   7   7
50.00 50.50    IV   5   4   7   0
50.50 51.00     I   0   1   7   7
51.00 51.50    IV   5   4   7   0
51.50 52.00     I   0   1   7   7
52.00 52.50    IV   5   4   7   0
52.50 53.00     I   0   1   7   7
53.00 55.00    vi   9   6   7   4
55.00 56.00    V7   7   5   7   2
56.00 56.50     I   0   1   7   7
56.50 57.50    IV   5   4   7   0
57.50 58.00     V   7   5   7   2
58.00 58.50     I   0   1   7   7
58.50 59.50    IV   5   4   7   0
59.50 60.00     V   7   5   7   2
60.00 60.50     I   0   1   7   7
60.50 61.50    IV   5   4   7   0
61.50 62.00     V   7   5   7   2
62.00 62.50     I   0   1   7   7
62.50 63.50    IV   5   4   7   0
63.50 64.00     I   0   1   7   7
---
