 0.00  6.00     I   0   1   5   5
 6.00  8.00    IV   5   4   5  10
 8.00 10.00     I   0   1   5   5
10.00 11.00     V   7   5   5   0
11.00 12.00    IV   5   4   5  10
12.00 18.00     I   0   1   5   5
18.00 20.00    IV   5   4   5  10
20.00 30.00     I   0   1   5   5
30.00 32.00    IV   5   4   5  10
32.00 34.00     I   0   1   5   5
34.00 35.00     V   7   5   5   0
35.00 36.00    IV   5   4   5  10
36.00 42.00     I   0   1   5   5
42.00 44.00    IV   5   4   5  10
44.00 54.00     I   0   1   5   5
54.00 56.00    IV   5   4   5  10
56.00 58.00     I   0   1   5   5
58.00 59.00     V   7   5   5   0
59.00 60.00    IV   5   4   5  10
60.00 66.00     I   0   1   5   5
66.00 68.00    IV   5   4   5  10
68.00 70.00     I   0   1   5   5
70.00 71.00     V   7   5   5   0
71.00 72.00    IV   5   4   5  10
72.00 78.00     I   0   1   5   5
78.00 80.00    IV   5   4   5  10
80.00 82.00     I   0   1   5   5
82.00 83.00     V   7   5   5   0
83.00 84.00    IV   5   4   5  10
84.00 90.00     I   0   1   5   5
90.00 92.00    IV   5   4   5  10
92.00 102.00     I   0   1   5   5
102.00 104.00    IV   5   4   5  10
104.00 106.00     I   0   1   5   5
106.00 107.00     V   7   5   5   0
107.00 108.00    IV   5   4   5  10
108.00 110.00     I   0   1   5   5
---
