 0.00  5.00     I   0   1   8   8
 5.00  6.00    vi   9   6   8   5
 6.00  7.00    IV   5   4   8   1
 7.00  7.50    ii   2   2   8  10
 7.50  8.00   V11   7   5   8   3
 8.00 11.00     I   0   1   8   8
11.00 12.00    vi   9   6   8   5
12.00 13.00    IV   5   4   8   1
13.00 13.50    ii   2   2   8  10
13.50 14.00   V11   7   5   8   3
14.00 16.00     I   0   1   8   8
16.00 20.00    IV   5   4   8   1
20.00 21.00     I   0   1   8   8
21.00 22.00    vi   9   6   8   5
22.00 23.00  ii65   2   2   8  10
23.00 24.00     V   7   5   8   3
24.00 25.00     I   0   1   8   8
25.00 26.00    vi   9   6   8   5
26.00 27.00    IV   5   4   8   1
27.00 27.50    ii   2   2   8  10
27.50 28.00   V11   7   5   8   3
28.00 31.00     I   0   1   8   8
31.00 32.00    vi   9   6   8   5
32.00 33.00    IV   5   4   8   1
33.00 33.50    ii   2   2   8  10
33.50 34.00   V11   7   5   8   3
34.00 36.00     I   0   1   8   8
36.00 40.00    IV   5   4   8   1
40.00 41.00     I   0   1   8   8
41.00 42.00    vi   9   6   8   5
42.00 43.00  ii65   2   2   8  10
43.00 44.00     V   7   5   8   3
44.00 47.00     I   0   1   8   8
47.00 48.00    vi   9   6   8   5
48.00 49.00    IV   5   4   8   1
49.00 49.50    ii   2   2   8  10
49.50 50.00   V11   7   5   8   3
50.00 52.00     I   0   1   8   8
52.00 56.00    IV   5   4   8   1
56.00 57.00     I   0   1   8   8
57.00 58.00    vi   9   6   8   5
58.00 59.00  ii65   2   2   8  10
59.00 60.00     V   7   5   8   3
60.00 61.00     I   0   1   8   8
61.00 62.00    vi   9   6   8   5
62.00 63.00    IV   5   4   8   1
63.00 63.50    ii   2   2   8  10
63.50 64.00   V11   7   5   8   3
64.00 67.00     I   0   1   8   8
67.00 68.00    vi   9   6   8   5
68.00 69.00    IV   5   4   8   1
69.00 69.50    ii   2   2   8  10
69.50 70.00   V11   7   5   8   3
70.00 72.00     I   0   1   8   8
72.00 74.00    vi   9   6   8   5
74.00 76.00     I   0   1   8   8
76.00 78.00    vi   9   6   8   5
---
