 0.00  3.50     i   0   1  10  10
 3.50  4.00    IV   5   4  10   3
 4.00  4.50     i   0   1  10  10
 4.50  5.00    IV   5   4  10   3
 5.00  5.50     i   0   1  10  10
 5.50  6.00    IV   5   4  10   3
 6.00  7.00   ii7   2   2   6   8
 7.00  8.00  iii7   4   3   6  10
 8.00  9.00   ii7   2   2   6   8
 9.00 10.00  iii7   4   3   6  10
10.00 11.00    vi   9   6   6   3
11.00 12.00  iii7   4   3   6  10
12.00 13.00    IV   5   4   6  11
13.00 14.00     V   7   5   6   1
14.00 15.00    I7   0   1   6   6
15.00 16.00    IV   5   4   6  11
16.00 17.00    I7   0   1   6   6
17.00 18.00    IV   5   4   6  11
18.00 19.00    I7   0   1   6   6
19.00 20.00    IV   5   4   6  11
20.00 22.00    I7   0   1   6   6
22.00 23.50     i   0   1  10  10
23.50 24.00    IV   5   4  10   3
24.00 24.50     i   0   1  10  10
24.50 25.00    IV   5   4  10   3
25.00 25.50     i   0   1  10  10
25.50 26.00    IV   5   4  10   3
26.00 27.00   ii7   2   2   6   8
27.00 28.00  iii7   4   3   6  10
28.00 29.00   ii7   2   2   6   8
29.00 30.00  iii7   4   3   6  10
30.00 31.00    vi   9   6   6   3
31.00 32.00  iii7   4   3   6  10
32.00 33.00    IV   5   4   6  11
33.00 34.00     V   7   5   6   1
34.00 35.00    I7   0   1   6   6
35.00 36.00    IV   5   4   6  11
36.00 37.00    I7   0   1   6   6
37.00 38.00    IV   5   4   6  11
38.00 39.00    I7   0   1   6   6
39.00 40.00    IV   5   4   6  11
40.00 41.00    I7   0   1   6   6
41.00 42.00    IV   5   4   6  11
42.00 43.50     i   0   1  10  10
43.50 44.00    IV   5   4  10   3
44.00 44.50     i   0   1  10  10
44.50 45.00    IV   5   4  10   3
45.00 45.50     i   0   1  10  10
45.50 46.00    IV   5   4  10   3
46.00 46.50     i   0   1  10  10
46.50 47.00    IV   5   4  10   3
47.00 48.00     i   0   1  10  10
48.00 49.00   ii7   2   2   6   8
49.00 50.00  iii7   4   3   6  10
50.00 51.00   ii7   2   2   6   8
51.00 52.00  iii7   4   3   6  10
52.00 53.00    vi   9   6   6   3
53.00 54.00  iii7   4   3   6  10
54.00 55.00    IV   5   4   6  11
55.00 56.00     V   7   5   6   1
56.00 57.00    I7   0   1   6   6
57.00 58.00    IV   5   4   6  11
58.00 59.00    I7   0   1   6   6
59.00 60.00    IV   5   4   6  11
60.00 61.00    I7   0   1   6   6
61.00 62.00    IV   5   4   6  11
62.00 63.00    I7   0   1   6   6
63.00 64.00    IV   5   4   6  11
64.00 65.00    I7   0   1   6   6
65.00 66.00    IV   5   4   6  11
66.00 67.00    I7   0   1   6   6
67.00 68.00    IV   5   4   6  11
68.00 69.00    I7   0   1   6   6
69.00 70.00    IV   5   4   6  11
---
