 0.00  4.00     V   7   5   4  11
 4.00  5.00     I   0   1   4   4
 5.00  6.00    V6   7   5   4  11
 6.00  8.00   IV6   5   4   4   9
 8.00  9.00     I   0   1   4   4
 9.00 10.00    V6   7   5   4  11
10.00 12.00   IV6   5   4   4   9
12.00 13.00     I   0   1   4   4
13.00 14.00    V6   7   5   4  11
14.00 16.00   IV6   5   4   4   9
16.00 17.00    ii   2   2   4   6
17.00 18.00 V6/ii   9   6   4   1
18.00 19.00  IV64   5   4   4   9
19.00 20.00     V   7   5   4  11
20.00 21.00     I   0   1   4   4
21.00 22.00    V6   7   5   4  11
22.00 24.00   IV6   5   4   4   9
24.00 26.00    ii   2   2   4   6
26.00 27.00     V   7   5   4  11
27.00 27.50     I   0   1   4   4
27.50 28.00    IV   5   4   4   9
28.00 30.00    ii   2   2   4   6
30.00 34.00     V   7   5   4  11
34.00 35.00     I   0   1   4   4
35.00 36.00    V6   7   5   4  11
36.00 38.00   IV6   5   4   4   9
38.00 39.00     I   0   1   4   4
39.00 40.00    V6   7   5   4  11
40.00 42.00   IV6   5   4   4   9
42.00 43.00    ii   2   2   4   6
43.00 44.00 V6/ii   9   6   4   1
44.00 45.00  IV64   5   4   4   9
45.00 46.00     V   7   5   4  11
46.00 47.00     I   0   1   4   4
47.00 48.00    V6   7   5   4  11
48.00 50.00   IV6   5   4   4   9
50.00 52.00    ii   2   2   4   6
52.00 53.00     V   7   5   4  11
53.00 53.50     I   0   1   4   4
53.50 54.00    IV   5   4   4   9
54.00 56.00    ii   2   2   4   6
56.00 60.00     V   7   5   4  11
60.00 61.00     I   0   1   4   4
61.00 62.00    V6   7   5   4  11
62.00 64.00   IV6   5   4   4   9
64.00 65.00     I   0   1   4   4
65.00 66.00    V6   7   5   4  11
66.00 68.00   IV6   5   4   4   9
68.00 69.00    ii   2   2   4   6
69.00 70.00 V6/ii   9   6   4   1
70.00 71.00  IV64   5   4   4   9
71.00 72.00     V   7   5   4  11
72.00 73.00     I   0   1   4   4
73.00 74.00    V6   7   5   4  11
74.00 76.00   IV6   5   4   4   9
76.00 77.00     I   0   1   4   4
77.00 78.00    V6   7   5   4  11
78.00 79.00   IV6   5   4   4   9
79.00 80.00     V   7   5   4  11
---
