 0.00  4.00     I   0   1   4   4
 4.00  6.00    IV   5   4   4   9
 6.00  8.00     I   0   1   4   4
 8.00  9.00     V   7   5   4  11
 9.00 10.00    IV   5   4   4   9
10.00 11.00     I   0   1   4   4
11.00 12.00     V   7   5   4  11
12.00 16.00     I   0   1   4   4
16.00 18.00    IV   5   4   4   9
18.00 20.00     I   0   1   4   4
20.00 21.00     V   7   5   4  11
21.00 22.00    IV   5   4   4   9
22.00 23.00     I   0   1   4   4
23.00 24.00     V   7   5   4  11
24.00 28.00     I   0   1   4   4
28.00 30.00    IV   5   4   4   9
30.00 32.00     I   0   1   4   4
32.00 33.00     V   7   5   4  11
33.00 34.00    IV   5   4   4   9
34.00 35.00     I   0   1   4   4
35.00 36.00     V   7   5   4  11
36.00 40.00     I   0   1   4   4
40.00 42.00    IV   5   4   4   9
42.00 44.00     I   0   1   4   4
44.00 45.00     V   7   5   4  11
45.00 46.00    IV   5   4   4   9
46.00 47.00     I   0   1   4   4
47.00 48.00     V   7   5   4  11
48.00 52.00     I   0   1   4   4
52.00 54.00    IV   5   4   4   9
54.00 56.00     I   0   1   4   4
56.00 57.00     V   7   5   4  11
57.00 58.00    IV   5   4   4   9
58.00 59.00     I   0   1   4   4
59.00 60.00     V   7   5   4  11
60.00 64.00     I   0   1   4   4
64.00 66.00    IV   5   4   4   9
66.00 68.00     I   0   1   4   4
68.00 69.00     V   7   5   4  11
69.00 70.00    IV   5   4   4   9
70.00 71.00     I   0   1   4   4
71.00 72.00     V   7   5   4  11
72.00 76.00     I   0   1   4   4
76.00 78.00    IV   5   4   4   9
78.00 80.00     I   0   1   4   4
80.00 81.00     V   7   5   4  11
81.00 82.00    IV   5   4   4   9
82.00 83.00     I   0   1   4   4
83.00 84.00     V   7   5   4  11
84.00 88.00     I   0   1   4   4
88.00 90.00    IV   5   4   4   9
90.00 92.00     I   0   1   4   4
92.00 93.00     V   7   5   4  11
93.00 94.00    IV   5   4   4   9
94.00 95.00     I   0   1   4   4
95.00 96.00     V   7   5   4  11
96.00 100.00     I   0   1   4   4
100.00 102.00    IV   5   4   4   9
102.00 104.00     I   0   1   4   4
104.00 105.00     V   7   5   4  11
105.00 106.00    IV   5   4   4   9
106.00 107.00     I   0   1   4   4
107.00 108.00     V   7   5   4  11
108.00 112.00     I   0   1   4   4
112.00 114.00    IV   5   4   4   9
114.00 116.00     I   0   1   4   4
116.00 117.00     V   7   5   4  11
117.00 118.00    IV   5   4   4   9
118.00 119.00     I   0   1   4   4
119.00 120.00     V   7   5   4  11
120.00 124.00     I   0   1   4   4
124.00 126.00    IV   5   4   4   9
126.00 128.00     I   0   1   4   4
128.00 129.00     V   7   5   4  11
129.00 130.00    IV   5   4   4   9
130.00 131.00     I   0   1   4   4
131.00 132.00     V   7   5   4  11
---
