 0.00  6.00    I7   0   1   4   4
 6.00  8.00   vi7   9   6   4   1
 8.00 10.00    I7   0   1   4   4
10.00 12.00   vi7   9   6   4   1
12.00 14.00    ii   2   2   4   6
14.00 16.00   V11   7   5   4  11
16.00 18.00    I7   0   1   4   4
18.00 20.00   vi7   9   6   4   1
20.00 22.00    I7   0   1   4   4
22.00 24.00   vi7   9   6   4   1
24.00 26.00    ii   2   2   4   6
26.00 28.00   V11   7   5   4  11
28.00 29.00   ii7   2   2   4   6
29.00 30.00   V11   7   5   4  11
30.00 31.00   ii7   2   2   4   6
31.00 32.00   V11   7   5   4  11
32.00 33.00   ii7   2   2   4   6
33.00 34.00   V11   7   5   4  11
34.00 35.00    I7   0   1   4   4
35.00 36.00   vi7   9   6   4   1
36.00 37.00    I7   0   1   4   4
37.00 38.00   vi7   9   6   4   1
38.00 46.00   iv7   5   4   4   9
46.00 50.00   V11   7   5   4  11
50.00 52.00    I7   0   1   4   4
52.00 54.00   vi7   9   6   4   1
54.00 56.00    I7   0   1   4   4
56.00 58.00   vi7   9   6   4   1
58.00 60.00    ii   2   2   4   6
60.00 62.00   V11   7   5   4  11
62.00 63.00   ii7   2   2   4   6
63.00 64.00   V11   7   5   4  11
64.00 65.00   ii7   2   2   4   6
65.00 66.00   V11   7   5   4  11
66.00 67.00   ii7   2   2   4   6
67.00 68.00   V11   7   5   4  11
68.00 69.00    I7   0   1   4   4
69.00 70.00   vi7   9   6   4   1
70.00 71.00    I7   0   1   4   4
71.00 72.00   vi7   9   6   4   1
72.00 80.00   iv7   5   4   4   9
80.00 84.00   V11   7   5   4  11
---
