 4.00  4.25   bVI   8   6   9   5
 4.25  4.50     i   0   1   9   9
 4.50  5.00  bVII  10   7   9   7
 5.00  5.25   bVI   8   6   9   5
 5.25  5.50     i   0   1   9   9
 5.50  6.00  bVII  10   7   9   7
 6.00  6.25   bVI   8   6   9   5
 6.25  6.50     i   0   1   9   9
 6.50  7.00  bVII  10   7   9   7
 7.00  7.25   bVI   8   6   9   5
 7.25  7.50     i   0   1   9   9
 7.50  8.00  bVII  10   7   9   7
 8.00  8.25   bVI   8   6   9   5
 8.25  8.50     i   0   1   9   9
 8.50  9.00  bVII  10   7   9   7
 9.00  9.25   bVI   8   6   9   5
 9.25  9.50     i   0   1   9   9
 9.50 10.00  bVII  10   7   9   7
10.00 10.25   bVI   8   6   9   5
10.25 10.50     i   0   1   9   9
10.50 11.00  bVII  10   7   9   7
11.00 11.25   bVI   8   6   9   5
11.25 11.50     i   0   1   9   9
11.50 12.00  bVII  10   7   9   7
12.00 13.00     i   0   1   9   9
13.00 15.00  bVII  10   7   9   7
15.00 17.00     i   0   1   9   9
17.00 19.00  bVII  10   7   9   7
19.00 20.00     V   7   5   9   4
20.00 21.00     i   0   1   9   9
21.00 23.00  bVII  10   7   9   7
23.00 25.00     i   0   1   9   9
25.00 27.00  bVII  10   7   9   7
27.00 28.00     V   7   5   9   4
28.00 29.00     i   0   1   9   9
29.00 31.00  bVII  10   7   9   7
31.00 33.00     i   0   1   9   9
33.00 35.00  bVII  10   7   9   7
35.00 36.00     V   7   5   9   4
36.00 37.00     i   0   1   9   9
37.00 39.00  bVII  10   7   9   7
39.00 41.00     i   0   1   9   9
41.00 43.00  bVII  10   7   9   7
43.00 44.00     V   7   5   9   4
44.00 44.25   bVI   8   6   9   5
44.25 44.50     i   0   1   9   9
44.50 45.00  bVII  10   7   9   7
45.00 45.25   bVI   8   6   9   5
45.25 45.50     i   0   1   9   9
45.50 46.00  bVII  10   7   9   7
46.00 46.25   bVI   8   6   9   5
46.25 46.50     i   0   1   9   9
46.50 47.00  bVII  10   7   9   7
47.00 47.25   bVI   8   6   9   5
47.25 47.50     i   0   1   9   9
47.50 48.00  bVII  10   7   9   7
48.00 48.25   bVI   8   6   9   5
48.25 48.50     i   0   1   9   9
48.50 49.00  bVII  10   7   9   7
49.00 49.25   bVI   8   6   9   5
49.25 49.50     i   0   1   9   9
49.50 50.00  bVII  10   7   9   7
50.00 50.25   bVI   8   6   9   5
50.25 50.50     i   0   1   9   9
50.50 51.00  bVII  10   7   9   7
51.00 51.25   bVI   8   6   9   5
51.25 51.50     i   0   1   9   9
51.50 52.00  bVII  10   7   9   7
52.00 53.00     i   0   1   9   9
53.00 55.00  bVII  10   7   9   7
55.00 57.00     i   0   1   9   9
57.00 59.00  bVII  10   7   9   7
59.00 60.00     V   7   5   9   4
60.00 61.00     i   0   1   9   9
61.00 63.00  bVII  10   7   9   7
63.00 65.00     i   0   1   9   9
65.00 67.00  bVII  10   7   9   7
67.00 68.00     V   7   5   9   4
68.00 69.00     i   0   1   9   9
69.00 71.00  bVII  10   7   9   7
71.00 73.00     i   0   1   9   9
73.00 75.00  bVII  10   7   9   7
75.00 76.00     V   7   5   9   4
76.00 76.25   bVI   8   6   9   5
76.25 76.50     i   0   1   9   9
76.50 77.00  bVII  10   7   9   7
77.00 77.25   bVI   8   6   9   5
77.25 77.50     i   0   1   9   9
77.50 78.00  bVII  10   7   9   7
78.00 78.25   bVI   8   6   9   5
78.25 78.50     i   0   1   9   9
78.50 79.00  bVII  10   7   9   7
79.00 79.25   bVI   8   6   9   5
79.25 79.50     i   0   1   9   9
79.50 80.00  bVII  10   7   9   7
80.00 80.25   bVI   8   6   9   5
80.25 80.50     i   0   1   9   9
80.50 81.00  bVII  10   7   9   7
81.00 81.25   bVI   8   6   9   5
81.25 81.50     i   0   1   9   9
81.50 82.00  bVII  10   7   9   7
82.00 82.25   bVI   8   6   9   5
82.25 82.50     i   0   1   9   9
82.50 83.00  bVII  10   7   9   7
83.00 83.25   bVI   8   6   9   5
83.25 83.50     i   0   1   9   9
83.50 84.00  bVII  10   7   9   7
84.00 85.00     i   0   1   9   9
85.00 86.00    iv   5   4   9   2
86.00 87.00  bVII  10   7   9   7
87.00 88.00     V   7   5   9   4
88.00 89.00     i   0   1   9   9
89.00 90.00    iv   5   4   9   2
90.00 91.00  bVII  10   7   9   7
91.00 92.00     V   7   5   9   4
92.00 93.00     i   0   1   9   9
93.00 94.00    iv   5   4   9   2
94.00 95.00  bVII  10   7   9   7
95.00 96.00     V   7   5   9   4
96.00 97.00     i   0   1   9   9
97.00 98.00    iv   5   4   9   2
98.00 99.00  bVII  10   7   9   7
99.00 100.00     V   7   5   9   4
100.00 101.00     i   0   1   9   9
101.00 102.00    iv   5   4   9   2
102.00 103.00  bVII  10   7   9   7
103.00 104.00     V   7   5   9   4
104.00 105.00     i   0   1   9   9
105.00 106.00    iv   5   4   9   2
106.00 107.00  bVII  10   7   9   7
107.00 108.00     V   7   5   9   4
108.00 109.00     i   0   1   9   9
109.00 110.00    iv   5   4   9   2
110.00 111.00  bVII  10   7   9   7
111.00 112.00     V   7   5   9   4
112.00 113.00     i   0   1   9   9
113.00 114.00    iv   5   4   9   2
114.00 115.00  bVII  10   7   9   7
115.00 116.00     V   7   5   9   4
116.00 117.00     i   0   1   9   9
117.00 118.00    iv   5   4   9   2
118.00 119.00  bVII  10   7   9   7
119.00 120.00     V   7   5   9   4
120.00 121.00     i   0   1   9   9
121.00 122.00    iv   5   4   9   2
122.00 123.00  bVII  10   7   9   7
123.00 124.00     V   7   5   9   4
124.00 125.00     i   0   1   9   9
125.00 126.00    iv   5   4   9   2
126.00 127.00  bVII  10   7   9   7
127.00 128.00     V   7   5   9   4
128.00 129.00     i   0   1   9   9
129.00 130.00    iv   5   4   9   2
130.00 131.00  bVII  10   7   9   7
131.00 132.00     V   7   5   9   4
132.00 133.00     i   0   1   9   9
133.00 134.00    iv   5   4   9   2
134.00 135.00  bVII  10   7   9   7
135.00 136.00     V   7   5   9   4
136.00 137.00     i   0   1   9   9
137.00 138.00    iv   5   4   9   2
138.00 139.00  bVII  10   7   9   7
139.00 140.00     V   7   5   9   4
140.00 141.00     i   0   1   9   9
141.00 142.00    iv   5   4   9   2
142.00 143.00  bVII  10   7   9   7
143.00 144.00     V   7   5   9   4
144.00 145.00     i   0   1   9   9
145.00 146.00    iv   5   4   9   2
146.00 147.00  bVII  10   7   9   7
147.00 148.00     V   7   5   9   4
148.00 149.00     i   0   1   9   9
149.00 150.00    iv   5   4   9   2
150.00 151.00  bVII  10   7   9   7
151.00 152.00     V   7   5   9   4
152.00 153.00     i   0   1   9   9
153.00 154.00    iv   5   4   9   2
154.00 155.00  bVII  10   7   9   7
155.00 156.00     V   7   5   9   4
156.00 157.00     i   0   1   9   9
157.00 158.00    iv   5   4   9   2
158.00 159.00  bVII  10   7   9   7
159.00 160.00     V   7   5   9   4
160.00 161.00     i   0   1   9   9
161.00 162.00    iv   5   4   9   2
162.00 163.00  bVII  10   7   9   7
163.00 164.00     V   7   5   9   4
164.00 165.00     i   0   1   9   9
165.00 166.00    iv   5   4   9   2
166.00 167.00  bVII  10   7   9   7
167.00 168.00     V   7   5   9   4
168.00 169.00     i   0   1   9   9
169.00 170.00    iv   5   4   9   2
170.00 171.00  bVII  10   7   9   7
171.00 172.00     V   7   5   9   4
172.00 173.00     i   0   1   9   9
173.00 174.00    iv   5   4   9   2
174.00 175.00  bVII  10   7   9   7
175.00 176.00     V   7   5   9   4
176.00 180.00     i   0   1   9   9
---
