 0.00  0.50     I   0   1   1   1
 0.50  1.00    V6   7   5   1   8
 1.00  1.50    vi   9   6   1  10
 1.50  2.00  iii6   4   3   1   5
 2.00  2.50    IV   5   4   1   6
 2.50  3.00     V   7   5   1   8
 3.00  3.50     I   0   1   1   1
 3.50  4.00     V   7   5   1   8
 4.00  4.50     I   0   1   1   1
 4.50  5.00    V6   7   5   1   8
 5.00  5.50    vi   9   6   1  10
 5.50  6.00  iii6   4   3   1   5
 6.00  6.50    IV   5   4   1   6
 6.50  7.00     V   7   5   1   8
 7.00  7.50     I   0   1   1   1
 7.50  8.00     V   7   5   1   8
 8.00  8.50     I   0   1   1   1
 8.50  9.00    V6   7   5   1   8
 9.00  9.50    vi   9   6   1  10
 9.50 10.00  iii6   4   3   1   5
10.00 10.50    IV   5   4   1   6
10.50 11.00     V   7   5   1   8
11.00 11.50     I   0   1   1   1
11.50 12.00     V   7   5   1   8
12.00 12.50     I   0   1   1   1
12.50 13.00    V6   7   5   1   8
13.00 13.50    vi   9   6   1  10
13.50 14.00  iii6   4   3   1   5
14.00 14.50    IV   5   4   1   6
14.50 15.00     V   7   5   1   8
15.00 15.50     I   0   1   1   1
15.50 16.00     V   7   5   1   8
16.00 16.50     I   0   1   1   1
16.50 17.00    V6   7   5   1   8
17.00 17.50    vi   9   6   1  10
17.50 18.00  iii6   4   3   1   5
18.00 18.50    IV   5   4   1   6
18.50 19.00     V   7   5   1   8
19.00 20.00     I   0   1   1   1
20.00 21.00    IV   5   4   1   6
21.00 22.00     I   0   1   1   1
22.00 23.00    IV   5   4   1   6
23.00 24.00     I   0   1   1   1
24.00 25.00    IV   5   4   1   6
25.00 25.50     I   0   1   1   1
25.50 26.00    vi   9   6   1  10
26.00 27.00   V/V   2   2   1   3
27.00 28.00     V   7   5   1   8
28.00 28.50     I   0   1   1   1
28.50 29.00    V6   7   5   1   8
29.00 29.50    vi   9   6   1  10
29.50 30.00  iii6   4   3   1   5
30.00 30.50    IV   5   4   1   6
30.50 31.00     V   7   5   1   8
31.00 31.50     I   0   1   1   1
31.50 32.00     V   7   5   1   8
32.00 32.50     I   0   1   1   1
32.50 33.00    V6   7   5   1   8
33.00 33.50    vi   9   6   1  10
33.50 34.00  iii6   4   3   1   5
34.00 34.50    IV   5   4   1   6
34.50 35.00     V   7   5   1   8
35.00 35.50     I   0   1   1   1
35.50 36.00     V   7   5   1   8
36.00 36.50     I   0   1   1   1
36.50 37.00    V6   7   5   1   8
37.00 37.50    vi   9   6   1  10
37.50 38.00  iii6   4   3   1   5
38.00 38.50    IV   5   4   1   6
38.50 39.00     V   7   5   1   8
39.00 39.50     I   0   1   1   1
39.50 40.00     V   7   5   1   8
40.00 40.50     I   0   1   1   1
40.50 41.00    V6   7   5   1   8
41.00 41.50    vi   9   6   1  10
41.50 42.00  iii6   4   3   1   5
42.00 42.50    IV   5   4   1   6
42.50 43.00     V   7   5   1   8
43.00 43.50     I   0   1   1   1
43.50 44.00     V   7   5   1   8
---
