 0.00  2.00     i   0   1   9   9
 2.00  3.00   IV6   5   4   9   2
 3.00  4.00   bVI   8   6   9   5
 4.00  5.00     i   0   1   9   9
 5.00  6.00  bVII  10   7   9   7
 6.00  7.00    IV   5   4   9   2
 7.00  8.00     V   7   5   9   4
 8.00 10.00     i   0   1   9   9
10.00 11.00   IV6   5   4   9   2
11.00 12.00   bVI   8   6   9   5
12.00 13.00     i   0   1   9   9
13.00 14.00  bVII  10   7   9   7
14.00 15.00    IV   5   4   9   2
15.00 16.00     V   7   5   9   4
16.00 18.00     i   0   1   9   9
18.00 19.00   IV6   5   4   9   2
19.00 20.00   bVI   8   6   9   5
20.00 21.00     i   0   1   9   9
21.00 22.00  bVII  10   7   9   7
22.00 23.00  bIII   3   3   9   0
23.00 24.00     V   7   5   9   4
24.00 25.00     I   0   1   9   9
25.00 26.00   iii   4   3   9   1
26.00 27.00    vi   9   6   9   6
27.00 28.00   iii   4   3   9   1
28.00 30.00    ii   2   2   9  11
30.00 32.00     V   7   5   9   4
32.00 33.00     I   0   1   9   9
33.00 34.00   iii   4   3   9   1
34.00 35.00    vi   9   6   9   6
35.00 36.00   iii   4   3   9   1
36.00 38.00    ii   2   2   9  11
38.00 40.00     V   7   5   9   4
40.00 42.00     i   0   1   9   9
42.00 43.00   IV6   5   4   9   2
43.00 44.00   bVI   8   6   9   5
44.00 45.00     i   0   1   9   9
45.00 46.00  bVII  10   7   9   7
46.00 47.00    IV   5   4   9   2
47.00 48.00     V   7   5   9   4
48.00 50.00     i   0   1   9   9
50.00 51.00   IV6   5   4   9   2
51.00 52.00   bVI   8   6   9   5
52.00 53.00     i   0   1   9   9
53.00 54.00  bVII  10   7   9   7
54.00 55.00  bIII   3   3   9   0
55.00 56.00     V   7   5   9   4
56.00 58.00     i   0   1   9   9
58.00 59.00   IV6   5   4   9   2
59.00 60.00   bVI   8   6   9   5
60.00 61.00     i   0   1   9   9
61.00 62.00  bVII  10   7   9   7
62.00 63.00    IV   5   4   9   2
63.00 64.00     V   7   5   9   4
64.00 66.00     i   0   1   9   9
66.00 67.00   IV6   5   4   9   2
67.00 68.00   bVI   8   6   9   5
68.00 69.00     i   0   1   9   9
69.00 70.00  bVII  10   7   9   7
70.00 71.00  bIII   3   3   9   0
71.00 72.00     V   7   5   9   4
72.00 73.00     I   0   1   9   9
73.00 74.00   iii   4   3   9   1
74.00 75.00    vi   9   6   9   6
75.00 76.00   iii   4   3   9   1
76.00 78.00    ii   2   2   9  11
78.00 80.00     V   7   5   9   4
80.00 81.00     I   0   1   9   9
81.00 82.00   iii   4   3   9   1
82.00 83.00    vi   9   6   9   6
83.00 84.00   iii   4   3   9   1
84.00 86.00    ii   2   2   9  11
86.00 88.00     V   7   5   9   4
88.00 90.00     i   0   1   9   9
90.00 91.00   IV6   5   4   9   2
91.00 92.00   bVI   8   6   9   5
92.00 93.00     i   0   1   9   9
93.00 94.00  bVII  10   7   9   7
94.00 95.00    IV   5   4   9   2
95.00 96.00     V   7   5   9   4
96.00 98.00     i   0   1   9   9
98.00 99.00   IV6   5   4   9   2
99.00 100.00   bVI   8   6   9   5
100.00 101.00     i   0   1   9   9
101.00 102.00  bVII  10   7   9   7
102.00 103.00  bIII   3   3   9   0
103.00 104.00     V   7   5   9   4
104.00 106.00     i   0   1   9   9
106.00 107.00   IV6   5   4   9   2
107.00 108.00   bVI   8   6   9   5
108.00 109.00     i   0   1   9   9
109.00 110.00  bVII  10   7   9   7
110.00 111.00    IV   5   4   9   2
111.00 112.00     V   7   5   9   4
112.00 114.00     i   0   1   9   9
114.00 115.00   IV6   5   4   9   2
115.00 116.00   bVI   8   6   9   5
116.00 117.00     i   0   1   9   9
117.00 118.00  bVII  10   7   9   7
118.00 119.00  bIII   3   3   9   0
119.00 120.00     V   7   5   9   4
120.00 122.00     i   0   1   9   9
122.00 123.00   IV6   5   4   9   2
123.00 124.00   bVI   8   6   9   5
124.00 125.00     i   0   1   9   9
125.00 126.00  bVII  10   7   9   7
126.00 127.00    IV   5   4   9   2
127.00 128.00     V   7   5   9   4
128.00 130.00     i   0   1   9   9
130.00 131.00   IV6   5   4   9   2
131.00 132.00   bVI   8   6   9   5
132.00 133.00     i   0   1   9   9
133.00 134.00  bVII  10   7   9   7
134.00 135.00  bIII   3   3   9   0
135.00 136.00     V   7   5   9   4
---
