 0.00  8.00     I   0   1   0   0
 8.00 10.00    IV   5   4   0   5
10.00 12.00     I   0   1   0   0
12.00 13.00     V   7   5   0   7
13.00 14.00    IV   5   4   0   5
14.00 20.00     I   0   1   0   0
20.00 22.00    IV   5   4   0   5
22.00 24.00     I   0   1   0   0
24.00 25.00     V   7   5   0   7
25.00 26.00    IV   5   4   0   5
26.00 32.00     I   0   1   0   0
32.00 34.00    IV   5   4   0   5
34.00 36.00     I   0   1   0   0
36.00 37.00     V   7   5   0   7
37.00 38.00    IV   5   4   0   5
38.00 44.00     I   0   1   0   0
44.00 46.00    IV   5   4   0   5
46.00 48.00     I   0   1   0   0
48.00 49.00     V   7   5   0   7
49.00 50.00    IV   5   4   0   5
50.00 56.00     I   0   1   0   0
56.00 58.00    IV   5   4   0   5
58.00 60.00     I   0   1   0   0
60.00 61.00     V   7   5   0   7
61.00 62.00    IV   5   4   0   5
62.00 68.00     I   0   1   0   0
68.00 70.00    IV   5   4   0   5
70.00 72.00     I   0   1   0   0
72.00 73.00     V   7   5   0   7
73.00 74.00    IV   5   4   0   5
74.00 80.00     I   0   1   0   0
80.00 82.00    IV   5   4   0   5
82.00 84.00     I   0   1   0   0
84.00 85.00     V   7   5   0   7
85.00 86.00    IV   5   4   0   5
86.00 92.00     I   0   1   0   0
92.00 94.00    IV   5   4   0   5
94.00 96.00     I   0   1   0   0
96.00 97.00     V   7   5   0   7
97.00 98.00    IV   5   4   0   5
98.00 104.00     I   0   1   0   0
104.00 106.00    IV   5   4   0   5
106.00 108.00     I   0   1   0   0
108.00 110.00     V   7   5   0   7
110.00 111.00    IV   5   4   0   5
111.00 113.00     I   0   1   0   0
---
