 0.75  1.00  bVII  10   7   4   2
 1.00  2.75     i   0   1   4   4
 2.75  3.00  bVII  10   7   4   2
 3.00  4.75     i   0   1   4   4
 4.75  5.00  bVII  10   7   4   2
 5.00  5.75     i   0   1   4   4
 5.75  6.00  bVII  10   7   4   2
 6.00  6.75     i   0   1   4   4
 6.75  7.00  bVII  10   7   4   2
 7.00  7.75     i   0   1   4   4
 7.75  8.00  bVII  10   7   4   2
 8.00  8.75     i   0   1   4   4
 8.75  9.00  bVII  10   7   4   2
 9.00  9.75     i   0   1   4   4
 9.75 10.00  bVII  10   7   4   2
10.00 10.75     i   0   1   4   4
10.75 11.00  bVII  10   7   4   2
11.00 11.75     i   0   1   4   4
11.75 12.00  bVII  10   7   4   2
12.00 12.75     i   0   1   4   4
12.75 13.00  bVII  10   7   4   2
13.00 13.75     i   0   1   4   4
13.75 14.00  bVII  10   7   4   2
14.00 14.75     i   0   1   4   4
14.75 15.00  bVII  10   7   4   2
15.00 15.75     i   0   1   4   4
15.75 16.00  bVII  10   7   4   2
16.00 16.75     i   0   1   4   4
16.75 17.00  bVII  10   7   4   2
17.00 17.75     i   0   1   4   4
17.75 18.00  bVII  10   7   4   2
18.00 18.75     i   0   1   4   4
18.75 19.00  bVII  10   7   4   2
19.00 19.75     i   0   1   4   4
19.75 20.00  bVII  10   7   4   2
20.00 20.75     i   0   1   4   4
20.75 21.00  bVII  10   7   4   2
21.00 21.75     i   0   1   4   4
21.75 22.00  bVII  10   7   4   2
22.00 22.75     i   0   1   4   4
22.75 23.00  bVII  10   7   4   2
23.00 23.75     i   0   1   4   4
23.75 24.00  bVII  10   7   4   2
24.00 24.75     i   0   1   4   4
24.75 25.00  bVII  10   7   4   2
25.00 25.75     i   0   1   4   4
25.75 26.00  bVII  10   7   4   2
26.00 26.75     i   0   1   4   4
26.75 27.00  bVII  10   7   4   2
27.00 27.75     i   0   1   4   4
27.75 28.00  bVII  10   7   4   2
28.00 28.75     i   0   1   4   4
28.75 29.00  bVII  10   7   4   2
29.00 29.75     i   0   1   4   4
29.75 30.00  bVII  10   7   4   2
30.00 30.75     i   0   1   4   4
30.75 32.00  bVII  10   7   4   2
32.00 37.75     i   0   1   4   4
37.75 38.00  bVII  10   7   4   2
38.00 38.75     i   0   1   4   4
38.75 39.00  bVII  10   7   4   2
39.00 39.75     i   0   1   4   4
39.75 40.00  bVII  10   7   4   2
40.00 40.75     i   0   1   4   4
40.75 41.00  bVII  10   7   4   2
41.00 41.75     i   0   1   4   4
41.75 42.00  bVII  10   7   4   2
42.00 42.75     i   0   1   4   4
42.75 43.00  bVII  10   7   4   2
43.00 43.75     i   0   1   4   4
43.75 44.00  bVII  10   7   4   2
44.00 44.75     i   0   1   4   4
44.75 45.00  bVII  10   7   4   2
45.00 45.75     i   0   1   4   4
45.75 46.00  bVII  10   7   4   2
46.00 46.75     i   0   1   4   4
46.75 47.00  bVII  10   7   4   2
47.00 47.75     i   0   1   4   4
47.75 48.00  bVII  10   7   4   2
48.00 48.75     i   0   1   4   4
48.75 49.00  bVII  10   7   4   2
49.00 49.75     i   0   1   4   4
49.75 50.00  bVII  10   7   4   2
50.00 50.75     i   0   1   4   4
50.75 51.00  bVII  10   7   4   2
51.00 51.75     i   0   1   4   4
51.75 52.00  bVII  10   7   4   2
52.00 52.75     i   0   1   4   4
52.75 53.00  bVII  10   7   4   2
53.00 54.00     i   0   1   4   4
54.00 55.75    IV   5   4   4   9
55.75 56.00  bVII  10   7   4   2
56.00 56.75     i   0   1   4   4
56.75 57.00  bVII  10   7   4   2
57.00 57.75     i   0   1   4   4
57.75 58.00  bVII  10   7   4   2
58.00 58.75     i   0   1   4   4
58.75 59.00  bVII  10   7   4   2
59.00 59.75     i   0   1   4   4
59.75 60.00  bVII  10   7   4   2
60.00 60.75     i   0   1   4   4
60.75 61.00  bVII  10   7   4   2
61.00 61.75     i   0   1   4   4
61.75 62.00  bVII  10   7   4   2
62.00 62.75     i   0   1   4   4
62.75 63.00  bVII  10   7   4   2
63.00 63.75     i   0   1   4   4
63.75 64.00  bVII  10   7   4   2
64.00 64.75     i   0   1   4   4
64.75 65.00  bVII  10   7   4   2
65.00 65.75     i   0   1   4   4
65.75 66.00  bVII  10   7   4   2
66.00 66.75     i   0   1   4   4
66.75 67.00  bVII  10   7   4   2
67.00 67.75     i   0   1   4   4
67.75 68.00  bVII  10   7   4   2
68.00 68.75     i   0   1   4   4
68.75 69.00  bVII  10   7   4   2
69.00 69.75     i   0   1   4   4
69.75 70.00  bVII  10   7   4   2
70.00 70.75     i   0   1   4   4
70.75 71.00  bVII  10   7   4   2
71.00 71.75     i   0   1   4   4
71.75 72.00  bVII  10   7   4   2
72.00 72.75     i   0   1   4   4
72.75 73.00  bVII  10   7   4   2
73.00 73.75     i   0   1   4   4
73.75 74.00  bVII  10   7   4   2
74.00 74.75     i   0   1   4   4
74.75 75.00  bVII  10   7   4   2
75.00 75.75     i   0   1   4   4
75.75 76.00  bVII  10   7   4   2
76.00 76.75     i   0   1   4   4
76.75 77.00  bVII  10   7   4   2
77.00 77.75     i   0   1   4   4
77.75 78.00  bVII  10   7   4   2
---
