 0.00  6.00     I   0   1   0   0
 6.00  7.00  ii65   2   2   0   2
 7.00  8.00     V   7   5   0   7
 8.00 10.00     I   0   1   0   0
10.00 12.00   V43   7   5   0   7
12.00 14.00  V/vi   4   3   0   4
14.00 16.00    vi   9   6   0   9
16.00 17.00    IV   5   4   0   5
17.00 18.00     V   7   5   0   7
18.00 22.00     I   0   1   0   0
22.00 23.00  ii65   2   2   0   2
23.00 24.00     V   7   5   0   7
24.00 26.00     I   0   1   0   0
26.00 28.00   V43   7   5   0   7
28.00 30.00  V/vi   4   3   0   4
30.00 32.00    vi   9   6   0   9
32.00 33.00    IV   5   4   0   5
33.00 34.00     V   7   5   0   7
34.00 36.00     I   0   1   0   0
36.00 38.00    IV   5   4   0   5
38.00 40.00   iii   4   3   0   4
40.00 42.00    IV   5   4   0   5
42.00 44.00     I   0   1   0   0
44.00 46.00    IV   5   4   0   5
46.00 48.00   iii   4   3   0   4
48.00 49.00    vi   9   6   0   9
49.00 50.00  V7/V   2   2   0   2
50.00 51.00    IV   5   4   0   5
51.00 52.00     V   7   5   0   7
52.00 54.00     I   0   1   0   0
54.00 55.00  ii65   2   2   0   2
55.00 56.00     V   7   5   0   7
56.00 58.00     I   0   1   0   0
58.00 60.00   V43   7   5   0   7
60.00 62.00  V/vi   4   3   0   4
62.00 64.00    vi   9   6   0   9
64.00 65.00    IV   5   4   0   5
65.00 66.00     V   7   5   0   7
66.00 70.00     I   0   1   0   0
70.00 71.00  ii65   2   2   0   2
71.00 72.00     V   7   5   0   7
72.00 74.00     I   0   1   0   0
74.00 76.00   V43   7   5   0   7
76.00 78.00  V/vi   4   3   0   4
78.00 80.00    vi   9   6   0   9
80.00 81.00    IV   5   4   0   5
81.00 82.00     V   7   5   0   7
82.00 84.00     I   0   1   0   0
84.00 85.00    IV   5   4   0   5
85.00 86.00     V   7   5   0   7
86.00 88.00     I   0   1   0   0
88.00 89.00    IV   5   4   0   5
89.00 90.00     V   7   5   0   7
90.00 92.00     I   0   1   0   0
---
