 0.00  5.00     I   0   1   2   2
 5.00  6.00     V   7   5   2   9
 6.00  7.00    vi   9   6   2  11
 7.00  8.00    IV   5   4   2   7
 8.00  9.00     I   0   1   2   2
 9.00 10.00     V   7   5   2   9
10.00 11.00    vi   9   6   2  11
11.00 12.00    IV   5   4   2   7
12.00 13.00     I   0   1   2   2
13.00 14.00     V   7   5   2   9
14.00 15.00    vi   9   6   2  11
15.00 16.00    IV   5   4   2   7
16.00 17.00     I   0   1   2   2
17.00 18.00     V   7   5   2   9
18.00 19.00    vi   9   6   2  11
19.00 20.00    IV   5   4   2   7
20.00 21.00     I   0   1   2   2
21.00 22.00     V   7   5   2   9
22.00 23.00    vi   9   6   2  11
23.00 24.00    IV   5   4   2   7
24.00 25.00     I   0   1   2   2
25.00 26.00     V   7   5   2   9
26.00 27.00    vi   9   6   2  11
27.00 28.00    IV   5   4   2   7
28.00 29.00     I   0   1   2   2
29.00 30.00     V   7   5   2   9
30.00 31.00    vi   9   6   2  11
31.00 32.00    IV   5   4   2   7
32.00 33.00     I   0   1   2   2
33.00 34.00     V   7   5   2   9
34.00 35.00    vi   9   6   2  11
35.00 36.00    IV   5   4   2   7
36.00 37.00     I   0   1   2   2
37.00 38.00     V   7   5   2   9
38.00 39.00    vi   9   6   2  11
39.00 40.00    IV   5   4   2   7
40.00 41.00     I   0   1   2   2
41.00 42.00     V   7   5   2   9
42.00 43.00    vi   9   6   2  11
43.00 44.00    IV   5   4   2   7
44.00 45.00     I   0   1   2   2
45.00 46.00     V   7   5   2   9
46.00 47.00    vi   9   6   2  11
47.00 48.00    IV   5   4   2   7
48.00 49.00     I   0   1   2   2
49.00 50.00     V   7   5   2   9
50.00 51.00    vi   9   6   2  11
51.00 52.00    IV   5   4   2   7
52.00 53.00     I   0   1   2   2
53.00 54.00     V   7   5   2   9
54.00 55.00    vi   9   6   2  11
55.00 56.00    IV   5   4   2   7
56.00 57.00     I   0   1   2   2
57.00 58.00     V   7   5   2   9
58.00 59.00    vi   9   6   2  11
59.00 60.00    IV   5   4   2   7
60.00 61.00     I   0   1   2   2
61.00 62.00     V   7   5   2   9
62.00 63.00    vi   9   6   2  11
63.00 64.00    IV   5   4   2   7
64.00 65.00     I   0   1   2   2
65.00 66.00     V   7   5   2   9
66.00 67.00    vi   9   6   2  11
67.00 68.00    IV   5   4   2   7
68.00 69.00     I   0   1   2   2
69.00 70.00     V   7   5   2   9
70.00 71.00    vi   9   6   2  11
71.00 72.00    IV   5   4   2   7
72.00 73.00     I   0   1   2   2
73.00 74.00     V   7   5   2   9
74.00 75.00    vi   9   6   2  11
75.00 76.00    IV   5   4   2   7
76.00 77.00     I   0   1   2   2
77.00 78.00     V   7   5   2   9
78.00 79.00    vi   9   6   2  11
79.00 80.00    IV   5   4   2   7
80.00 81.00     I   0   1   2   2
81.00 82.00     V   7   5   2   9
82.00 83.00    vi   9   6   2  11
83.00 84.00    IV   5   4   2   7
84.00 85.00     I   0   1   2   2
85.00 86.00     V   7   5   2   9
86.00 87.00    vi   9   6   2  11
87.00 88.00    IV   5   4   2   7
88.00 89.00     I   0   1   2   2
89.00 90.00     V   7   5   2   9
90.00 91.00    vi   9   6   2  11
91.00 92.00    IV   5   4   2   7
92.00 93.00     I   0   1   2   2
93.00 94.00     V   7   5   2   9
94.00 95.00    vi   9   6   2  11
95.00 96.00    IV   5   4   2   7
96.00 97.00     I   0   1   2   2
97.00 98.00     V   7   5   2   9
98.00 99.00    vi   9   6   2  11
99.00 100.00    IV   5   4   2   7
100.00 113.00     I   0   1   2   2
113.00 114.00     V   7   5   2   9
114.00 115.00    vi   9   6   2  11
115.00 116.00    IV   5   4   2   7
116.00 117.00     I   0   1   2   2
117.00 118.00     V   7   5   2   9
118.00 119.00    vi   9   6   2  11
119.00 120.00    IV   5   4   2   7
120.00 121.00     I   0   1   2   2
121.00 122.00     V   7   5   2   9
122.00 123.00    vi   9   6   2  11
123.00 124.00    IV   5   4   2   7
124.00 125.00     I   0   1   2   2
125.00 126.00     V   7   5   2   9
126.00 127.00    vi   9   6   2  11
127.00 128.00    IV   5   4   2   7
128.00 129.00     I   0   1   2   2
129.00 130.00     V   7   5   2   9
130.00 131.00    vi   9   6   2  11
131.00 132.00    IV   5   4   2   7
---
