 0.00 18.00     I   0   1   9   9
18.00 18.50  bVII  10   7   9   7
18.50 19.00    IV   5   4   9   2
19.00 20.00     I   0   1   9   9
20.00 20.50  bVII  10   7   9   7
20.50 21.00    IV   5   4   9   2
21.00 22.00     I   0   1   9   9
22.00 22.50  bVII  10   7   9   7
22.50 23.00    IV   5   4   9   2
23.00 24.00     I   0   1   9   9
24.00 24.50  bVII  10   7   9   7
24.50 25.00    IV   5   4   9   2
25.00 26.00     I   0   1   9   9
26.00 26.50  bVII  10   7   9   7
26.50 27.00    IV   5   4   9   2
27.00 28.00     I   0   1   9   9
28.00 28.50  bVII  10   7   9   7
28.50 29.00    IV   5   4   9   2
29.00 30.00     I   0   1   9   9
30.00 30.50  bVII  10   7   9   7
30.50 31.00    IV   5   4   9   2
31.00 32.00     V   7   5   9   4
32.00 32.50  bIII   3   3   9   0
32.50 33.00  bVII  10   7   9   7
33.00 34.00     I   0   1   9   9
34.00 34.50  bVII  10   7   9   7
34.50 35.00    IV   5   4   9   2
35.00 36.00     I   0   1   9   9
36.00 36.50  bVII  10   7   9   7
36.50 37.00    IV   5   4   9   2
37.00 38.00     I   0   1   9   9
38.00 38.50  bVII  10   7   9   7
38.50 39.00    IV   5   4   9   2
39.00 40.00     V   7   5   9   4
40.00 40.50  bIII   3   3   9   0
40.50 41.00  bVII  10   7   9   7
41.00 41.50    IV   5   4   9   2
41.50 42.00     I   0   1   9   9
42.00 42.50    IV   5   4   9   2
42.50 43.00     I   0   1   9   9
43.00 43.50    IV   5   4   9   2
43.50 44.00     I   0   1   9   9
44.00 44.50    IV   5   4   9   2
44.50 45.00     I   0   1   9   9
45.00 45.50    IV   5   4   9   2
45.50 46.00     I   0   1   9   9
46.00 46.50    IV   5   4   9   2
46.50 47.00     I   0   1   9   9
47.00 48.00  bVII  10   7   9   7
48.00 49.00     V   7   5   9   4
49.00 50.00  bVII  10   7   9   7
50.00 51.00     V   7   5   9   4
51.00 52.00  bVII  10   7   9   7
52.00 56.00    IV   5   4   9   2
56.00 57.00     I   0   1   9   9
57.00 57.50  bVII  10   7   9   7
57.50 58.00    IV   5   4   9   2
58.00 59.00     I   0   1   9   9
59.00 59.50  bVII  10   7   9   7
59.50 60.00    IV   5   4   9   2
60.00 61.00     I   0   1   9   9
61.00 61.50  bVII  10   7   9   7
61.50 62.00    IV   5   4   9   2
62.00 63.00     I   0   1   9   9
63.00 63.50  bVII  10   7   9   7
63.50 64.00    IV   5   4   9   2
64.00 65.00     I   0   1   9   9
65.00 65.50  bVII  10   7   9   7
65.50 66.00    IV   5   4   9   2
66.00 67.00     I   0   1   9   9
67.00 67.50  bVII  10   7   9   7
67.50 68.00    IV   5   4   9   2
68.00 69.00     I   0   1   9   9
69.00 69.50  bVII  10   7   9   7
69.50 70.00    IV   5   4   9   2
70.00 71.00     V   7   5   9   4
71.00 71.50  bIII   3   3   9   0
71.50 72.00  bVII  10   7   9   7
72.00 73.00     I   0   1   9   9
73.00 73.50  bVII  10   7   9   7
73.50 74.00    IV   5   4   9   2
74.00 75.00     I   0   1   9   9
75.00 75.50  bVII  10   7   9   7
75.50 76.00    IV   5   4   9   2
76.00 77.00     I   0   1   9   9
77.00 77.50  bVII  10   7   9   7
77.50 78.00    IV   5   4   9   2
78.00 79.00     V   7   5   9   4
79.00 79.50  bIII   3   3   9   0
79.50 80.00  bVII  10   7   9   7
80.00 80.50    IV   5   4   9   2
80.50 81.00     I   0   1   9   9
81.00 81.50    IV   5   4   9   2
81.50 82.00     I   0   1   9   9
82.00 82.50    IV   5   4   9   2
82.50 83.00     I   0   1   9   9
83.00 83.50    IV   5   4   9   2
83.50 84.00     I   0   1   9   9
84.00 84.50    IV   5   4   9   2
84.50 85.00     I   0   1   9   9
85.00 85.50    IV   5   4   9   2
85.50 86.00     I   0   1   9   9
86.00 87.00  bVII  10   7   9   7
87.00 88.00     V   7   5   9   4
88.00 89.00  bVII  10   7   9   7
89.00 90.00     V   7   5   9   4
90.00 91.00  bVII  10   7   9   7
91.00 95.00    IV   5   4   9   2
95.00 96.00     I   0   1   9   9
96.00 96.50  bVII  10   7   9   7
96.50 97.00    IV   5   4   9   2
97.00 98.00     I   0   1   9   9
98.00 98.50  bVII  10   7   9   7
98.50 99.00    IV   5   4   9   2
99.00 100.00     I   0   1   9   9
100.00 101.00    IV   5   4   9   2
101.00 102.00     I   0   1   9   9
102.00 103.00    IV   5   4   9   2
103.00 104.00     I   0   1   9   9
104.00 105.00    IV   5   4   9   2
105.00 106.00     I   0   1   9   9
106.00 107.00    IV   5   4   9   2
107.00 108.00     I   0   1   9   9
108.00 109.00    IV   5   4   9   2
109.00 110.00     I   0   1   9   9
110.00 111.00    IV   5   4   9   2
111.00 112.00     I   0   1   9   9
112.00 113.00    IV   5   4   9   2
113.00 114.00     I   0   1   9   9
114.00 115.00    IV   5   4   9   2
115.00 117.00    II   2   2   9  11
117.00 119.00     V   7   5   9   4
119.00 121.00     I   0   1   9   9
121.00 123.00    II   2   2   9  11
123.00 124.00     I   0   1  11  11
124.00 124.50  bVII  10   7  11   9
124.50 125.00    IV   5   4  11   4
125.00 126.00     I   0   1  11  11
126.00 126.50  bVII  10   7  11   9
126.50 127.00    IV   5   4  11   4
127.00 128.00     I   0   1  11  11
128.00 128.50  bVII  10   7  11   9
128.50 129.00    IV   5   4  11   4
129.00 130.00     I   0   1  11  11
130.00 130.50  bVII  10   7  11   9
130.50 131.00    IV   5   4  11   4
131.00 132.00     I   0   1  11  11
132.00 132.50  bVII  10   7  11   9
132.50 133.00    IV   5   4  11   4
133.00 134.00     I   0   1  11  11
134.00 134.50  bVII  10   7  11   9
134.50 135.00    IV   5   4  11   4
135.00 136.00     I   0   1  11  11
136.00 136.50  bVII  10   7  11   9
136.50 137.00    IV   5   4  11   4
137.00 138.00     I   0   1  11  11
138.00 138.50  bVII  10   7  11   9
138.50 139.00    IV   5   4  11   4
139.00 140.00     I   0   1  11  11
140.00 140.50  bVII  10   7  11   9
140.50 141.00    IV   5   4  11   4
141.00 142.00     I   0   1  11  11
142.00 142.50  bVII  10   7  11   9
142.50 143.00    IV   5   4  11   4
143.00 144.00     I   0   1  11  11
144.00 144.50  bVII  10   7  11   9
144.50 145.00    IV   5   4  11   4
145.00 146.00     I   0   1  11  11
146.00 146.50  bVII  10   7  11   9
146.50 147.00    IV   5   4  11   4
147.00 148.00     I   0   1   9   9
148.00 148.50  bVII  10   7   9   7
148.50 149.00    IV   5   4   9   2
149.00 150.00     I   0   1   9   9
150.00 150.50  bVII  10   7   9   7
150.50 151.00    IV   5   4   9   2
151.00 152.00     I   0   1   9   9
152.00 152.50  bVII  10   7   9   7
152.50 153.00    IV   5   4   9   2
153.00 154.00     I   0   1   9   9
154.00 154.50  bVII  10   7   9   7
154.50 155.00    IV   5   4   9   2
155.00 156.00     I   0   1   9   9
156.00 156.50  bVII  10   7   9   7
156.50 157.00    IV   5   4   9   2
157.00 158.00     I   0   1   9   9
158.00 158.50  bVII  10   7   9   7
158.50 159.00    IV   5   4   9   2
159.00 160.00     I   0   1   9   9
160.00 160.50  bVII  10   7   9   7
160.50 161.00    IV   5   4   9   2
161.00 162.00     V   7   5   9   4
162.00 162.50  bIII   3   3   9   0
162.50 163.00  bVII  10   7   9   7
163.00 164.00     I   0   1   9   9
164.00 164.50  bVII  10   7   9   7
164.50 165.00    IV   5   4   9   2
165.00 166.00     I   0   1   9   9
166.00 166.50  bVII  10   7   9   7
166.50 167.00    IV   5   4   9   2
167.00 168.00     I   0   1   9   9
168.00 168.50  bVII  10   7   9   7
168.50 169.00    IV   5   4   9   2
169.00 170.00     V   7   5   9   4
170.00 170.50  bIII   3   3   9   0
170.50 171.00  bVII  10   7   9   7
171.00 171.50    IV   5   4   9   2
171.50 172.00     I   0   1   9   9
172.00 172.50    IV   5   4   9   2
172.50 173.00     I   0   1   9   9
173.00 173.50    IV   5   4   9   2
173.50 174.00     I   0   1   9   9
174.00 174.50    IV   5   4   9   2
174.50 175.00     I   0   1   9   9
175.00 175.50    IV   5   4   9   2
175.50 176.00     I   0   1   9   9
176.00 176.50    IV   5   4   9   2
176.50 177.00     I   0   1   9   9
177.00 178.00  bVII  10   7   9   7
178.00 179.00     V   7   5   9   4
179.00 180.00  bVII  10   7   9   7
180.00 181.00     V   7   5   9   4
181.00 182.00  bVII  10   7   9   7
182.00 186.00    IV   5   4   9   2
186.00 187.00     I   0   1   9   9
187.00 187.50  bVII  10   7   9   7
187.50 188.00    IV   5   4   9   2
188.00 189.00     I   0   1   9   9
189.00 189.50  bVII  10   7   9   7
189.50 190.00    IV   5   4   9   2
190.00 191.00     I   0   1   9   9
191.00 192.00    IV   5   4   9   2
192.00 193.00     I   0   1   9   9
193.00 194.00    IV   5   4   9   2
194.00 195.00     I   0   1   9   9
195.00 196.00    IV   5   4   9   2
196.00 197.00     I   0   1   9   9
197.00 198.00    IV   5   4   9   2
198.00 199.00     I   0   1   9   9
199.00 200.00    IV   5   4   9   2
200.00 201.00     I   0   1   9   9
201.00 202.00    IV   5   4   9   2
202.00 203.00     I   0   1   9   9
203.00 204.00    IV   5   4   9   2
204.00 205.00     I   0   1   9   9
205.00 206.00    IV   5   4   9   2
206.00 207.00     I   0   1   9   9
207.00 208.00    IV   5   4   9   2
208.00 209.00     I   0   1   9   9
209.00 210.00    IV   5   4   9   2
210.00 211.00     I   0   1   9   9
211.00 212.00    IV   5   4   9   2
212.00 213.00     I   0   1   9   9
213.00 214.00    IV   5   4   9   2
214.00 215.00     I   0   1   9   9
215.00 216.00    IV   5   4   9   2
216.00 217.00     I   0   1   9   9
217.00 218.00    IV   5   4   9   2
218.00 219.00     I   0   1   9   9
219.00 220.00    IV   5   4   9   2
220.00 221.00     I   0   1   9   9
221.00 222.00    IV   5   4   9   2
222.00 263.00     I   0   1   9   9
263.00 263.50  bVII  10   7   9   7
263.50 264.00    IV   5   4   9   2
264.00 265.00     I   0   1   9   9
265.00 265.50  bVII  10   7   9   7
265.50 266.00    IV   5   4   9   2
266.00 267.00     I   0   1   9   9
267.00 267.50  bVII  10   7   9   7
267.50 268.00    IV   5   4   9   2
268.00 269.00     I   0   1   9   9
269.00 269.50  bVII  10   7   9   7
269.50 270.00    IV   5   4   9   2
270.00 271.00     I   0   1   9   9
271.00 271.50  bVII  10   7   9   7
271.50 272.00    IV   5   4   9   2
272.00 273.00     I   0   1   9   9
273.00 273.50  bVII  10   7   9   7
273.50 274.00    IV   5   4   9   2
274.00 275.00     I   0   1   9   9
275.00 275.50  bVII  10   7   9   7
275.50 276.00    IV   5   4   9   2
276.00 277.00     I   0   1   9   9
277.00 277.50  bVII  10   7   9   7
277.50 278.00    IV   5   4   9   2
278.00 279.00     I   0   1   9   9
279.00 279.50  bVII  10   7   9   7
279.50 280.00    IV   5   4   9   2
280.00 281.00     I   0   1   9   9
281.00 281.50  bVII  10   7   9   7
281.50 282.00    IV   5   4   9   2
282.00 285.00     I   0   1   9   9
---
