 0.00  3.00     I   0   1   5   5
 3.00  3.50 iih7/vi  11   7   5   4
 3.50  4.00 V7/vi   4   3   5   9
 4.00  5.00    vi   9   6   5   2
 5.00  5.50   IV7   5   4   5  10
 5.50  6.00     V   7   5   5   0
 6.00  7.00     I   0   1   5   5
 7.00  7.50   vi7   9   6   5   2
 7.50  8.00   V/V   2   2   5   7
 8.00  8.50    IV   5   4   5  10
 8.50 10.00     I   0   1   5   5
10.00 10.50 iih7/vi  11   7   5   4
10.50 11.00 V7/vi   4   3   5   9
11.00 12.00    vi   9   6   5   2
12.00 12.50   IV7   5   4   5  10
12.50 13.00     V   7   5   5   0
13.00 14.00     I   0   1   5   5
14.00 14.50   vi7   9   6   5   2
14.50 15.00   V/V   2   2   5   7
15.00 15.50    IV   5   4   5  10
15.50 16.00     I   0   1   5   5
16.00 16.50 ii7/vi  11   7   5   4
16.50 17.00  V/vi   4   3   5   9
17.00 18.00    vi   9   6   5   2
18.00 18.50    ii   2   2   5   7
18.50 19.00     V   7   5   5   0
19.00 20.00     I   0   1   5   5
20.00 20.50 ii7/vi  11   7   5   4
20.50 21.00  V/vi   4   3   5   9
21.00 22.00    vi   9   6   5   2
22.00 22.50    ii   2   2   5   7
22.50 23.00     V   7   5   5   0
23.00 25.00     I   0   1   5   5
25.00 25.50 iih7/vi  11   7   5   4
25.50 26.00 V7/vi   4   3   5   9
26.00 27.00    vi   9   6   5   2
27.00 27.50   IV7   5   4   5  10
27.50 28.00     V   7   5   5   0
28.00 29.00     I   0   1   5   5
29.00 29.50   vi7   9   6   5   2
29.50 30.00   V/V   2   2   5   7
30.00 30.50    IV   5   4   5  10
30.50 31.00     I   0   1   5   5
31.00 31.50 ii7/vi  11   7   5   4
31.50 32.00  V/vi   4   3   5   9
32.00 33.00    vi   9   6   5   2
33.00 33.50    ii   2   2   5   7
33.50 34.00     V   7   5   5   0
34.00 35.00     I   0   1   5   5
35.00 35.50 ii7/vi  11   7   5   4
35.50 36.00  V/vi   4   3   5   9
36.00 37.00    vi   9   6   5   2
37.00 37.50    ii   2   2   5   7
37.50 38.00     V   7   5   5   0
38.00 40.00     I   0   1   5   5
40.00 40.50 iih7/vi  11   7   5   4
40.50 41.00 V7/vi   4   3   5   9
41.00 42.00    vi   9   6   5   2
42.00 42.50   IV7   5   4   5  10
42.50 43.00     V   7   5   5   0
43.00 44.00     I   0   1   5   5
44.00 44.50   vi7   9   6   5   2
44.50 45.00   V/V   2   2   5   7
45.00 45.50    IV   5   4   5  10
45.50 46.50     I   0   1   5   5
46.50 47.00  V6/V   2   2   5   7
47.00 47.50    IV   5   4   5  10
47.50 48.00     I   0   1   5   5
---
