 0.00  1.00     I   0   1   0   0
 1.00  2.00    IV   5   4   0   5
 2.00  3.00     I   0   1   0   0
 3.00  4.00    IV   5   4   0   5
 4.00  5.00     I   0   1   0   0
 5.00  6.00    IV   5   4   0   5
 6.00  7.00     I   0   1   0   0
 7.00  8.00    IV   5   4   0   5
 8.00  9.00     I   0   1   0   0
 9.00 10.00    IV   5   4   0   5
10.00 11.00     I   0   1   0   0
11.00 12.00    IV   5   4   0   5
12.00 13.00     I   0   1   0   0
13.00 14.00    IV   5   4   0   5
14.00 15.00    II   2   2   0   2
15.00 16.00    IV   5   4   0   5
16.00 18.00     I   0   1   0   0
18.00 19.00    IV   5   4   0   5
19.00 20.00     I   0   1   0   0
20.00 21.00    IV   5   4   0   5
21.00 22.00     I   0   1   0   0
22.00 23.00    IV   5   4   0   5
23.00 24.00     I   0   1   0   0
24.00 25.00    IV   5   4   0   5
25.00 26.00     I   0   1   0   0
26.00 27.00    IV   5   4   0   5
27.00 28.00     I   0   1   0   0
28.00 29.00    IV   5   4   0   5
29.00 30.00     I   0   1   0   0
30.00 31.00    IV   5   4   0   5
31.00 32.00     I   0   1   0   0
32.00 33.00    IV   5   4   0   5
33.00 34.00     I   0   1   0   0
34.00 35.00    IV   5   4   0   5
35.00 36.00     I   0   1   0   0
36.00 37.00    IV   5   4   0   5
37.00 38.00     I   0   1   0   0
38.00 39.00    IV   5   4   0   5
39.00 40.00    II   2   2   0   2
40.00 41.00    IV   5   4   0   5
41.00 42.00     I   0   1   0   0
42.00 43.00    IV   5   4   0   5
43.00 44.00     I   0   1   0   0
44.00 45.00    IV   5   4   0   5
45.00 46.00     I   0   1   0   0
46.00 47.00    IV   5   4   0   5
47.00 48.00     I   0   1   0   0
48.00 49.00    IV   5   4   0   5
49.00 50.00     I   0   1   0   0
50.00 51.00    IV   5   4   0   5
51.00 52.00     I   0   1   0   0
52.00 53.00    IV   5   4   0   5
53.00 54.00     I   0   1   0   0
54.00 55.00    IV   5   4   0   5
55.00 56.00     I   0   1   0   0
56.00 57.00    IV   5   4   0   5
57.00 58.00     I   0   1   0   0
58.00 59.00    IV   5   4   0   5
59.00 60.00    II   2   2   0   2
60.00 61.00    IV   5   4   0   5
61.00 62.00     I   0   1   0   0
62.00 63.00    IV   5   4   0   5
63.00 64.00     I   0   1   0   0
64.00 65.00    IV   5   4   0   5
65.00 66.00     I   0   1   0   0
66.00 67.00    IV   5   4   0   5
67.00 68.00     I   0   1   0   0
68.00 69.00    IV   5   4   0   5
69.00 70.00     I   0   1   0   0
70.00 71.00    IV   5   4   0   5
71.00 72.00     I   0   1   0   0
72.00 73.00    IV   5   4   0   5
73.00 74.00     I   0   1   0   0
74.00 75.00    IV   5   4   0   5
75.00 76.00     I   0   1   0   0
76.00 77.00    IV   5   4   0   5
77.00 78.00     I   0   1   0   0
78.00 79.00    IV   5   4   0   5
79.00 80.00     I   0   1   0   0
80.00 81.00    IV   5   4   0   5
81.00 82.00     I   0   1   0   0
82.00 83.00    IV   5   4   0   5
83.00 84.00     I   0   1   0   0
84.00 85.00    IV   5   4   0   5
85.00 86.00     I   0   1   0   0
86.00 87.00    IV   5   4   0   5
87.00 88.00    II   2   2   0   2
88.00 89.00    IV   5   4   0   5
89.00 90.00     I   0   1   0   0
90.00 91.00    IV   5   4   0   5
91.00 92.00  ii64   2   2   0   2
92.00 93.00 iii64   4   3   0   4
93.00 94.00  IV64   5   4   0   5
94.00 95.00  iis4   2   2   0   2
95.00 96.00   Vs4   7   5   0   7
96.00 97.00     I   0   1   0   0
97.00 98.00    IV   5   4   0   5
98.00 99.00     I   0   1   0   0
99.00 100.00    IV   5   4   0   5
100.00 101.00     I   0   1   0   0
101.00 102.00    IV   5   4   0   5
102.00 103.00    II   2   2   0   2
103.00 104.00    IV   5   4   0   5
104.00 105.00     I   0   1   0   0
105.00 106.00    IV   5   4   0   5
106.00 107.00     I   0   1   0   0
107.00 108.00    IV   5   4   0   5
108.00 109.00     I   0   1   0   0
109.00 110.00    IV   5   4   0   5
110.00 111.00     I   0   1   0   0
111.00 112.00    IV   5   4   0   5
112.00 113.00     I   0   1   0   0
113.00 114.00    IV   5   4   0   5
114.00 115.00     I   0   1   0   0
115.00 116.00    IV   5   4   0   5
116.00 117.00     I   0   1   0   0
117.00 118.00    IV   5   4   0   5
118.00 119.00     I   0   1   0   0
119.00 120.00    IV   5   4   0   5
120.00 121.00     I   0   1   0   0
121.00 122.00    IV   5   4   0   5
122.00 123.00    II   2   2   0   2
123.00 124.00    IV   5   4   0   5
124.00 125.00     I   0   1   0   0
125.00 126.00    IV   5   4   0   5
126.00 127.00     I   0   1   0   0
127.00 128.00    IV   5   4   0   5
128.00 129.00     I   0   1   0   0
129.00 130.00    IV   5   4   0   5
130.00 131.00     I   0   1   0   0
131.00 132.00    IV   5   4   0   5
132.00 133.00     I   0   1   0   0
133.00 134.00    IV   5   4   0   5
134.00 135.00    II   2   2   0   2
135.00 136.00    IV   5   4   0   5
136.00 137.00     I   0   1   0   0
137.00 138.00    IV   5   4   0   5
138.00 139.00     I   0   1   0   0
139.00 140.00    IV   5   4   0   5
140.00 141.00     I   0   1   0   0
141.00 142.00    IV   5   4   0   5
142.00 143.00     I   0   1   0   0
143.00 144.00    IV   5   4   0   5
144.00 145.00     I   0   1   0   0
145.00 146.00    IV   5   4   0   5
146.00 147.00     I   0   1   0   0
147.00 148.00    IV   5   4   0   5
148.00 149.00     I   0   1   0   0
149.00 150.00    IV   5   4   0   5
150.00 151.00     I   0   1   0   0
151.00 152.00    IV   5   4   0   5
152.00 153.00     I   0   1   0   0
153.00 154.00    IV   5   4   0   5
154.00 155.00     I   0   1   0   0
155.00 156.00    IV   5   4   0   5
156.00 157.00     I   0   1   0   0
157.00 158.00    IV   5   4   0   5
158.00 159.00     I   0   1   0   0
159.00 160.00    IV   5   4   0   5
160.00 161.00     I   0   1   0   0
161.00 162.00    IV   5   4   0   5
---
