 0.00  0.50     I   0   1   7   7
 0.50  1.00    vi   9   6   7   4
 1.00  1.50   ii7   2   2   7   9
 1.50  2.00    V7   7   5   7   2
 2.00  2.50     I   0   1   7   7
 2.50  3.00    vi   9   6   7   4
 3.00  3.50   ii7   2   2   7   9
 3.50  4.00    V7   7   5   7   2
 4.00  4.50     I   0   1   7   7
 4.50  5.00    vi   9   6   7   4
 5.00  5.50   ii7   2   2   7   9
 5.50  6.00    V7   7   5   7   2
 6.00  6.50     I   0   1   7   7
 6.50  7.00    vi   9   6   7   4
 7.00  7.50   ii7   2   2   7   9
 7.50  8.00    V7   7   5   7   2
 8.00  8.50     I   0   1   7   7
 8.50  9.00    vi   9   6   7   4
 9.00  9.50   ii7   2   2   7   9
 9.50 10.00    V7   7   5   7   2
10.00 10.50     I   0   1   7   7
10.50 11.00    vi   9   6   7   4
11.00 11.50   ii7   2   2   7   9
11.50 12.00    V7   7   5   7   2
12.00 12.50     I   0   1   7   7
12.50 13.00    vi   9   6   7   4
13.00 13.50   ii7   2   2   7   9
13.50 14.00    V7   7   5   7   2
14.00 14.50     I   0   1   7   7
14.50 15.00    IV   5   4   7   0
15.00 16.00     I   0   1   7   7
16.00 16.50    ii   2   2   7   9
16.50 17.00     V   7   5   7   2
17.00 18.00     I   0   1   7   7
18.00 18.50    ii   2   2   7   9
18.50 19.00     V   7   5   7   2
19.00 20.00     I   0   1   7   7
20.00 20.50    ii   2   2   7   9
20.50 21.00     V   7   5   7   2
21.00 21.50     I   0   1   7   7
21.50 23.50  V7/V   2   2   7   9
23.50 24.00    V7   7   5   7   2
24.00 24.50     I   0   1   7   7
24.50 25.00    vi   9   6   7   4
25.00 25.50   ii7   2   2   7   9
25.50 26.00    V7   7   5   7   2
26.00 26.50     I   0   1   7   7
26.50 27.00    vi   9   6   7   4
27.00 27.50   ii7   2   2   7   9
27.50 28.00    V7   7   5   7   2
28.00 28.50     I   0   1   7   7
28.50 29.00    vi   9   6   7   4
29.00 29.50   ii7   2   2   7   9
29.50 30.00    V7   7   5   7   2
30.00 30.50     I   0   1   7   7
30.50 31.00    vi   9   6   7   4
31.00 31.50   ii7   2   2   7   9
31.50 32.00    V7   7   5   7   2
32.00 32.50     I   0   1   7   7
32.50 33.00    vi   9   6   7   4
33.00 33.50   ii7   2   2   7   9
33.50 34.00    V7   7   5   7   2
34.00 34.50     I   0   1   7   7
34.50 35.00    vi   9   6   7   4
35.00 35.50   ii7   2   2   7   9
35.50 36.00    V7   7   5   7   2
36.00 36.50     I   0   1   7   7
36.50 37.00    vi   9   6   7   4
37.00 37.50   ii7   2   2   7   9
37.50 38.00    V7   7   5   7   2
38.00 38.50     I   0   1   7   7
38.50 39.00    vi   9   6   7   4
39.00 39.50   ii7   2   2   7   9
39.50 40.00    V7   7   5   7   2
40.00 40.50     I   0   1   7   7
40.50 41.00    vi   9   6   7   4
41.00 41.50   ii7   2   2   7   9
41.50 42.00    V7   7   5   7   2
42.00 42.50     I   0   1   7   7
42.50 43.00    vi   9   6   7   4
43.00 43.50   ii7   2   2   7   9
43.50 44.00    V7   7   5   7   2
44.00 44.50     I   0   1   7   7
44.50 45.00    vi   9   6   7   4
45.00 45.50   ii7   2   2   7   9
45.50 46.00    V7   7   5   7   2
46.00 46.50     I   0   1   7   7
46.50 47.00    IV   5   4   7   0
47.00 48.00     I   0   1   7   7
48.00 48.50    ii   2   2   7   9
48.50 49.00     V   7   5   7   2
49.00 50.00     I   0   1   7   7
50.00 50.50    ii   2   2   7   9
50.50 51.00     V   7   5   7   2
51.00 52.00     I   0   1   7   7
52.00 52.50    ii   2   2   7   9
52.50 53.00     V   7   5   7   2
53.00 53.50     I   0   1   7   7
53.50 55.50  V7/V   2   2   7   9
55.50 56.00    V7   7   5   7   2
56.00 56.50     I   0   1   7   7
56.50 57.00    vi   9   6   7   4
57.00 57.50   ii7   2   2   7   9
57.50 58.00    V7   7   5   7   2
58.00 58.50     I   0   1   7   7
58.50 59.00    vi   9   6   7   4
59.00 59.50   ii7   2   2   7   9
59.50 60.00    V7   7   5   7   2
60.00 60.50     I   0   1   7   7
60.50 61.00    vi   9   6   7   4
61.00 61.50   ii7   2   2   7   9
61.50 62.00    V7   7   5   7   2
62.00 62.50     I   0   1   7   7
62.50 63.00    IV   5   4   7   0
63.00 64.00     I   0   1   7   7
---
