 0.00  1.00     I   0   1   3   3
 1.00  2.00    IV   5   4   3   8
 2.00  3.00     V   7   5   3  10
 3.00  4.00    IV   5   4   3   8
 4.00  5.00     I   0   1   3   3
 5.00  6.00   IV7   5   4   3   8
 6.00  7.00    V6   7   5   3  10
 7.00  8.00   iii   4   3   3   7
 8.00 11.00    vi   9   6   3   0
11.00 12.00    IV   5   4   3   8
12.00 13.00   I64   0   1   3   3
13.00 14.00     V   7   5   3  10
14.00 15.00 V6/vi   4   3   3   7
15.00 16.00    vi   9   6   3   0
16.00 17.00     I   0   1   3   3
17.00 18.00    ii   2   2   3   5
18.00 19.00    IV   5   4   3   8
19.00 21.00     V   7   5   3  10
21.00 22.00     I   0   1   3   3
22.00 23.00   IV7   5   4   3   8
23.00 24.00    V6   7   5   3  10
24.00 25.00   iii   4   3   3   7
25.00 28.00    vi   9   6   3   0
28.00 29.00    IV   5   4   3   8
29.00 30.00   I64   0   1   3   3
30.00 31.00     V   7   5   3  10
31.00 32.00 V6/vi   4   3   3   7
32.00 33.00    vi   9   6   3   0
33.00 34.00     I   0   1   3   3
34.00 35.00    ii   2   2   3   5
35.00 36.00    IV   5   4   3   8
36.00 38.00     I   0   1   3   3
38.00 39.00    V6   7   5   3  10
39.00 40.00    vi   9   6   3   0
40.00 41.00    ii   2   2   3   5
41.00 42.00    IV   5   4   3   8
42.00 43.00    V6   7   5   3  10
43.00 44.00    vi   9   6   3   0
44.00 45.00    ii   2   2   3   5
45.00 46.00    IV   5   4   3   8
46.00 49.00    vi   9   6   3   0
49.00 51.00  ii65   2   2   3   5
51.00 52.00    I6   0   1   3   3
52.00 54.00  ii65   2   2   3   5
54.00 56.00     V   7   5   3  10
56.00 57.00     I   0   1   3   3
57.00 58.00    IV   5   4   3   8
58.00 59.00     V   7   5   3  10
59.00 60.00    IV   5   4   3   8
60.00 61.00     I   0   1   3   3
61.00 62.00   IV7   5   4   3   8
62.00 63.00    V6   7   5   3  10
63.00 64.00   iii   4   3   3   7
64.00 67.00    vi   9   6   3   0
67.00 68.00    IV   5   4   3   8
68.00 69.00   I64   0   1   3   3
69.00 70.00     V   7   5   3  10
70.00 71.00 V6/vi   4   3   3   7
71.00 72.00    vi   9   6   3   0
72.00 73.00     I   0   1   3   3
73.00 74.00    ii   2   2   3   5
74.00 75.00    IV   5   4   3   8
75.00 77.00     V   7   5   3  10
77.00 78.00     I   0   1   3   3
78.00 79.00   IV7   5   4   3   8
79.00 80.00    V6   7   5   3  10
80.00 81.00   iii   4   3   3   7
81.00 84.00    vi   9   6   3   0
84.00 85.00    IV   5   4   3   8
85.00 86.00   I64   0   1   3   3
86.00 87.00     V   7   5   3  10
87.00 88.00 V6/vi   4   3   3   7
88.00 89.00    vi   9   6   3   0
89.00 90.00     I   0   1   3   3
90.00 91.00    ii   2   2   3   5
91.00 92.00    IV   5   4   3   8
92.00 94.00     I   0   1   3   3
94.00 95.00    V6   7   5   3  10
95.00 96.00    vi   9   6   3   0
96.00 97.00    ii   2   2   3   5
97.00 98.00    IV   5   4   3   8
98.00 99.00    V6   7   5   3  10
99.00 100.00    vi   9   6   3   0
100.00 101.00    ii   2   2   3   5
101.00 102.00    IV   5   4   3   8
102.00 105.00    vi   9   6   3   0
105.00 107.00  ii65   2   2   3   5
107.00 108.00    I6   0   1   3   3
108.00 110.00  ii65   2   2   3   5
110.00 112.00     V   7   5   3  10
112.00 115.00    vi   9   6   3   0
115.00 117.00  ii65   2   2   3   5
117.00 118.00    I6   0   1   3   3
118.00 120.00  ii65   2   2   3   5
120.00 121.00     I   0   1   3   3
121.00 122.00    IV   5   4   3   8
122.00 123.00     V   7   5   3  10
123.00 124.00    IV   5   4   3   8
124.00 125.00     I   0   1   3   3
---
