 0.00  2.00  bVII  10   7   1  11
 2.00  4.00     I   0   1   1   1
 4.00  6.00  bVII  10   7   1  11
 6.00  8.00     I   0   1   1   1
 8.00  9.00    ii   2   2   1   3
 9.00 10.00   iii   4   3   1   5
10.00 11.00    IV   5   4   1   6
11.00 12.00   V11   7   5   1   8
12.00 13.00     I   0   1   1   1
13.00 14.00    ii   2   2   1   3
14.00 15.00     V   7   5   1   8
15.00 17.00     I   0   1   1   1
17.00 18.00    ii   2   2   1   3
18.00 19.00  bVII  10   7   1  11
19.00 20.00     v   7   5   1   8
20.00 22.00     I   0   1   1   1
22.00 24.00  bVII  10   7   1  11
24.00 26.00     I   0   1   1   1
26.00 28.00  bVII  10   7   1  11
28.00 30.00     I   0   1   1   1
30.00 31.00    ii   2   2   1   3
31.00 32.00   iii   4   3   1   5
32.00 33.00    IV   5   4   1   6
33.00 34.00   V11   7   5   1   8
34.00 35.00     I   0   1   1   1
35.00 36.00    ii   2   2   1   3
36.00 37.00     V   7   5   1   8
37.00 39.00     I   0   1   1   1
39.00 40.00    ii   2   2   1   3
40.00 41.00  bVII  10   7   1  11
41.00 42.00     v   7   5   1   8
42.00 42.50     I   0   1   1   1
42.50 43.00    IV   5   4   1   6
43.00 43.50     V   7   5   1   8
43.50 43.75    IV   5   4   1   6
43.75 44.00    ii   2   2   1   3
44.00 44.50     I   0   1   1   1
44.50 45.00    IV   5   4   1   6
45.00 45.50     V   7   5   1   8
45.50 45.75    IV   5   4   1   6
45.75 46.00    ii   2   2   1   3
46.00 46.50     I   0   1   1   1
46.50 47.00    IV   5   4   1   6
47.00 47.50     V   7   5   1   8
47.50 47.75    IV   5   4   1   6
47.75 48.00    ii   2   2   1   3
48.00 48.50     I   0   1   1   1
48.50 49.00    IV   5   4   1   6
49.00 49.50     V   7   5   1   8
49.50 49.75    IV   5   4   1   6
49.75 50.00    ii   2   2   1   3
50.00 50.50     I   0   1   1   1
50.50 51.00    IV   5   4   1   6
51.00 51.50     V   7   5   1   8
51.50 51.75    IV   5   4   1   6
51.75 52.00    ii   2   2   1   3
52.00 52.50     I   0   1   1   1
52.50 53.00    IV   5   4   1   6
53.00 53.50     V   7   5   1   8
53.50 53.75    IV   5   4   1   6
53.75 54.00    ii   2   2   1   3
54.00 54.50     I   0   1   1   1
54.50 55.00    IV   5   4   1   6
55.00 55.50     V   7   5   1   8
55.50 55.75    IV   5   4   1   6
55.75 56.00    ii   2   2   1   3
56.00 56.50     I   0   1   1   1
56.50 57.00    IV   5   4   1   6
57.00 57.50     V   7   5   1   8
57.50 57.75    IV   5   4   1   6
57.75 58.00    ii   2   2   1   3
58.00 58.50     I   0   1   1   1
58.50 59.00    IV   5   4   1   6
59.00 59.50     V   7   5   1   8
59.50 59.75    IV   5   4   1   6
59.75 60.00    ii   2   2   1   3
60.00 60.50     I   0   1   1   1
60.50 61.00    IV   5   4   1   6
61.00 61.50     V   7   5   1   8
61.50 61.75    IV   5   4   1   6
61.75 62.00    ii   2   2   1   3
62.00 62.50     I   0   1   1   1
62.50 63.00    IV   5   4   1   6
63.00 63.50     V   7   5   1   8
63.50 63.75    IV   5   4   1   6
63.75 64.00    ii   2   2   1   3
64.00 64.50     I   0   1   1   1
64.50 65.00    IV   5   4   1   6
65.00 65.50     V   7   5   1   8
65.50 65.75    IV   5   4   1   6
65.75 66.00    ii   2   2   1   3
66.00 66.50     I   0   1   1   1
66.50 67.00    IV   5   4   1   6
67.00 67.50     V   7   5   1   8
67.50 67.75    IV   5   4   1   6
67.75 68.00    ii   2   2   1   3
68.00 69.00     I   0   1   1   1
69.00 70.00    ii   2   2   1   3
70.00 71.00     V   7   5   1   8
71.00 73.00     I   0   1   1   1
73.00 74.00    ii   2   2   1   3
74.00 75.00  bVII  10   7   1  11
75.00 76.00     v   7   5   1   8
76.00 77.00  bVII  10   7   1  11
77.00 78.00     v   7   5   1   8
78.00 78.50     I   0   1   1   1
78.50 79.00    IV   5   4   1   6
79.00 79.50     V   7   5   1   8
79.50 79.75    IV   5   4   1   6
79.75 80.00    ii   2   2   1   3
80.00 81.00     I   0   1   1   1
81.00 82.00    ii   2   2   1   3
82.00 83.00     V   7   5   1   8
83.00 85.00     I   0   1   1   1
85.00 86.00    ii   2   2   1   3
86.00 87.00  bVII  10   7   1  11
87.00 88.00     v   7   5   1   8
---
